100
0
11,6666669845581
1
11,6666669845581
2
11,6666669845581
3
11,6666669845581
4
11,6666669845581
5
11,6666669845581
6
11,6666669845581
7
11,6666669845581
8
11,6666669845581
9
11,6666669845581
10
11,6666669845581
11
11,6666669845581
12
11,6666669845581
13
11,6666669845581
14
11,6666669845581
15
11,6666669845581
16
11,6666669845581
17
11,6666669845581
18
11,6666669845581
19
11,6666669845581
20
11,6666669845581
21
11,6666669845581
22
11,6666669845581
23
11,6666669845581
24
11,6666669845581
25
11,6666669845581
26
11,6666669845581
27
11,6666669845581
28
11,6666669845581
29
11,6666669845581
30
11,6666669845581
31
11,6666669845581
32
11,6666669845581
33
11,6666669845581
34
11,6666669845581
35
11,6666669845581
36
11,6666669845581
37
11,6666669845581
38
11,6666669845581
39
11,6666669845581
40
11,6666669845581
41
11,6666669845581
42
11,6666669845581
43
11,6666669845581
44
11,6666669845581
45
11,6666669845581
46
11,6666669845581
47
11,6666669845581
48
11,6666669845581
49
11,6666669845581
50
11,6666669845581
51
11,6666669845581
52
11,6666669845581
53
11,6666669845581
54
11,6666669845581
55
11,6666669845581
56
11,6666669845581
57
11,6666669845581
58
11,6666669845581
59
11,6666669845581
60
11,6666669845581
61
11,6666669845581
62
11,6666669845581
63
11,6666669845581
64
11,6666669845581
65
11,6666669845581
66
11,6666669845581
67
11,6666669845581
68
11,6666669845581
69
11,6666669845581
70
11,6666669845581
71
11,6666669845581
72
11,6666669845581
73
11,6666669845581
74
11,6666669845581
75
11,6666669845581
76
11,6666669845581
77
11,6666669845581
78
11,6666669845581
79
11,6666669845581
80
11,6666669845581
81
11,6666669845581
82
11,6666669845581
83
11,6666669845581
84
11,6666669845581
85
11,6666669845581
86
11,6666669845581
87
11,6666669845581
88
11,6666669845581
89
11,6666669845581
90
11,6666669845581
91
11,6666669845581
92
11,6666669845581
93
11,6666669845581
94
11,6666669845581
95
11,6666669845581
96
11,6666669845581
97
11,6666669845581
98
11,6666669845581
99
11,6666669845581
