0|1|2|1|2|0|1|2|0|1|2|0|1|2|0|1|2|0|1|2|0|1|2|0|1|2|0|1|2|0|1|2|0|1|2|0|1|2|0|1|2|0|1|2|0|1|2|0|1|2|0|1|2|0|1|2|0|1|2|0|1|2|0|1|2|0|1|2|0|1|2|0|1|2|0|1|2|0|1|2|0|1|2|0|1|2|0|1|2|0|1|2|0|1|2|0|1|2|0|1|
2|1|2|1|2|0|1|2|0|1|2|0|1|2|0|1|2|0|1|2|0|1|2|0|1|2|0|1|2|0|1|2|0|1|2|0|1|2|0|1|2|0|1|2|0|1|2|0|1|2|0|1|2|0|1|2|0|1|2|0|1|2|0|1|2|0|1|2|0|1|2|0|1|2|0|1|2|0|1|2|0|1|2|0|1|2|0|1|2|0|1|2|0|1|2|0|1|2|0|1|
1|2|1|2|0|1|2|0|1|2|0|1|2|0|1|2|0|1|2|0|1|2|0|1|2|0|1|2|0|1|2|0|1|2|0|1|2|0|1|2|0|1|2|0|1|2|0|1|2|0|1|2|0|1|2|0|1|2|0|1|2|0|1|2|0|1|2|0|1|2|0|1|2|0|1|2|0|1|2|0|1|2|0|1|2|0|1|2|0|1|2|0|1|2|0|1|2|0|1|2|
10|9|6|2|1|2|0|1|2|0|1|2|0|1|2|0|1|2|0|1|2|0|1|2|0|1|2|0|1|2|0|1|2|0|1|2|0|1|2|0|1|2|0|1|2|0|1|2|0|1|2|0|1|2|0|1|2|0|1|2|0|1|2|0|1|2|0|1|2|0|1|2|0|1|2|0|1|2|0|1|2|0|1|2|0|1|2|0|1|2|0|1|2|0|1|2|0|1|2|0|
22|8|5|4|3|1|2|0|1|2|0|1|2|0|1|2|0|1|2|0|1|2|0|1|2|0|1|2|0|1|2|0|1|2|0|1|2|0|1|2|0|1|2|0|1|2|0|1|2|0|1|2|0|1|2|0|1|2|0|1|2|0|1|2|0|1|2|0|1|2|0|1|2|0|1|2|0|1|2|0|1|2|0|1|2|0|1|2|0|1|2|0|1|2|0|1|2|0|1|2|
19|18|14|10|9|6|2|1|2|0|1|2|0|1|2|0|1|2|0|1|2|0|1|2|0|1|2|0|1|2|0|1|2|0|1|2|0|1|2|0|1|2|0|1|2|0|1|2|0|1|2|0|1|2|0|1|2|0|1|2|0|1|2|0|1|2|0|1|2|0|1|2|0|1|2|0|1|2|0|1|2|0|1|2|0|1|2|0|1|2|0|1|2|0|1|2|0|1|2|0|
3|1|2|1|2|0|1|2|0|1|2|0|1|2|0|1|2|0|1|2|0|1|2|0|1|2|0|1|2|0|1|2|0|1|2|0|1|2|0|1|2|0|1|2|0|1|2|0|1|2|0|1|2|0|1|2|0|1|2|0|1|2|0|1|2|0|1|2|0|1|2|0|1|2|0|1|2|0|1|2|0|1|2|0|1|2|0|1|2|0|1|2|0|1|2|0|1|2|0|1|
5|4|3|1|2|0|1|2|0|1|2|0|1|2|0|1|2|0|1|2|0|1|2|0|1|2|0|1|2|0|1|2|0|1|2|0|1|2|0|1|2|0|1|2|0|1|2|0|1|2|0|1|2|0|1|2|0|1|2|0|1|2|0|1|2|0|1|2|0|1|2|0|1|2|0|1|2|0|1|2|0|1|2|0|1|2|0|1|2|0|1|2|0|1|2|0|1|2|0|1|
17|16|15|14|10|9|6|2|1|2|0|1|2|0|1|2|0|1|2|0|1|2|0|1|2|0|1|2|0|1|2|0|1|2|0|1|2|0|1|2|0|1|2|0|1|2|0|1|2|0|1|2|0|1|2|0|1|2|0|1|2|0|1|2|0|1|2|0|1|2|0|1|2|0|1|2|0|1|2|0|1|2|0|1|2|0|1|2|0|1|2|0|1|2|0|1|2|0|1|2|
0|1|2|1|2|0|1|2|0|1|2|0|1|2|0|1|2|0|1|2|0|1|2|0|1|2|0|1|2|0|1|2|0|1|2|0|1|2|0|1|2|0|1|2|0|1|2|0|1|2|0|1|2|0|1|2|0|1|2|0|1|2|0|1|2|0|1|2|0|1|2|0|1|2|0|1|2|0|1|2|0|1|2|0|1|2|0|1|2|0|1|2|0|1|2|0|1|2|0|1|
1|2|1|2|0|1|2|0|1|2|0|1|2|0|1|2|0|1|2|0|1|2|0|1|2|0|1|2|0|1|2|0|1|2|0|1|2|0|1|2|0|1|2|0|1|2|0|1|2|0|1|2|0|1|2|0|1|2|0|1|2|0|1|2|0|1|2|0|1|2|0|1|2|0|1|2|0|1|2|0|1|2|0|1|2|0|1|2|0|1|2|0|1|2|0|1|2|0|1|2|
8|5|4|3|1|2|0|1|2|0|1|2|0|1|2|0|1|2|0|1|2|0|1|2|0|1|2|0|1|2|0|1|2|0|1|2|0|1|2|0|1|2|0|1|2|0|1|2|0|1|2|0|1|2|0|1|2|0|1|2|0|1|2|0|1|2|0|1|2|0|1|2|0|1|2|0|1|2|0|1|2|0|1|2|0|1|2|0|1|2|0|1|2|0|1|2|0|1|2|0|
8|5|4|3|1|2|0|1|2|0|1|2|0|1|2|0|1|2|0|1|2|0|1|2|0|1|2|0|1|2|0|1|2|0|1|2|0|1|2|0|1|2|0|1|2|0|1|2|0|1|2|0|1|2|0|1|2|0|1|2|0|1|2|0|1|2|0|1|2|0|1|2|0|1|2|0|1|2|0|1|2|0|1|2|0|1|2|0|1|2|0|1|2|0|1|2|0|1|2|0|
15|14|10|9|6|2|1|2|0|1|2|0|1|2|0|1|2|0|1|2|0|1|2|0|1|2|0|1|2|0|1|2|0|1|2|0|1|2|0|1|2|0|1|2|0|1|2|0|1|2|0|1|2|0|1|2|0|1|2|0|1|2|0|1|2|0|1|2|0|1|2|0|1|2|0|1|2|0|1|2|0|1|2|0|1|2|0|1|2|0|1|2|0|1|2|0|1|2|0|1|
25|21|17|16|15|14|10|9|6|2|1|2|0|1|2|0|1|2|0|1|2|0|1|2|0|1|2|0|1|2|0|1|2|0|1|2|0|1|2|0|1|2|0|1|2|0|1|2|0|1|2|0|1|2|0|1|2|0|1|2|0|1|2|0|1|2|0|1|2|0|1|2|0|1|2|0|1|2|0|1|2|0|1|2|0|1|2|0|1|2|0|1|2|0|1|2|0|1|2|0|
18|14|10|9|6|2|1|2|0|1|2|0|1|2|0|1|2|0|1|2|0|1|2|0|1|2|0|1|2|0|1|2|0|1|2|0|1|2|0|1|2|0|1|2|0|1|2|0|1|2|0|1|2|0|1|2|0|1|2|0|1|2|0|1|2|0|1|2|0|1|2|0|1|2|0|1|2|0|1|2|0|1|2|0|1|2|0|1|2|0|1|2|0|1|2|0|1|2|0|1|
13|12|2|1|2|0|1|2|0|1|2|0|1|2|0|1|2|0|1|2|0|1|2|0|1|2|0|1|2|0|1|2|0|1|2|0|1|2|0|1|2|0|1|2|0|1|2|0|1|2|0|1|2|0|1|2|0|1|2|0|1|2|0|1|2|0|1|2|0|1|2|0|1|2|0|1|2|0|1|2|0|1|2|0|1|2|0|1|2|0|1|2|0|1|2|0|1|2|0|1|
25|21|18|16|17|21|18|16|17|21|18|16|17|21|18|16|17|21|18|16|17|21|18|16|17|21|18|16|17|21|18|16|17|21|18|16|17|21|18|16|17|21|18|16|17|21|18|16|17|21|18|16|17|21|18|16|17|21|18|16|17|21|18|16|17|21|18|16|17|21|18|16|17|21|18|16|17|21|18|16|17|21|18|16|17|21|18|16|17|21|18|16|17|21|18|16|17|21|18|16|
24|21|18|16|17|21|18|16|17|21|18|16|17|21|18|16|17|21|18|16|17|21|18|16|17|21|18|16|17|21|18|16|17|21|18|16|17|21|18|16|17|21|18|16|17|21|18|16|17|21|18|16|17|21|18|16|17|21|18|16|17|21|18|16|17|21|18|16|17|21|18|16|17|21|18|16|17|21|18|16|17|21|18|16|17|21|18|16|17|21|18|16|17|21|18|16|17|21|18|16|
10|11|6|5|6|5|6|5|6|5|6|5|6|5|6|5|6|5|6|5|6|5|6|5|6|5|6|5|6|5|6|5|6|5|6|5|6|5|6|5|6|5|6|5|6|5|6|5|6|5|6|5|6|5|6|5|6|5|6|5|6|5|6|5|6|5|6|5|6|5|6|5|6|5|6|5|6|5|6|5|6|5|6|5|6|5|6|5|6|5|6|5|6|5|6|5|6|5|6|5|
17|21|18|16|17|21|18|16|17|21|18|16|17|21|18|16|17|21|18|16|17|21|18|16|17|21|18|16|17|21|18|16|17|21|18|16|17|21|18|16|17|21|18|16|17|21|18|16|17|21|18|16|17|21|18|16|17|21|18|16|17|21|18|16|17|21|18|16|17|21|18|16|17|21|18|16|17|21|18|16|17|21|18|16|17|21|18|16|17|21|18|16|17|21|18|16|17|21|18|16|
10|11|6|5|6|5|6|5|6|5|6|5|6|5|6|5|6|5|6|5|6|5|6|5|6|5|6|5|6|5|6|5|6|5|6|5|6|5|6|5|6|5|6|5|6|5|6|5|6|5|6|5|6|5|6|5|6|5|6|5|6|5|6|5|6|5|6|5|6|5|6|5|6|5|6|5|6|5|6|5|6|5|6|5|6|5|6|5|6|5|6|5|6|5|6|5|6|5|6|5|
20|9|7|8|7|8|7|8|7|8|7|8|7|8|7|8|7|8|7|8|7|8|7|8|7|8|7|8|7|8|7|8|7|8|7|8|7|8|7|8|7|8|7|8|7|8|7|8|7|8|7|8|7|8|7|8|7|8|7|8|7|8|7|8|7|8|7|8|7|8|7|8|7|8|7|8|7|8|7|8|7|8|7|8|7|8|7|8|7|8|7|8|7|8|7|8|7|8|7|8|
18|16|17|21|18|16|17|21|18|16|17|21|18|16|17|21|18|16|17|21|18|16|17|21|18|16|17|21|18|16|17|21|18|16|17|21|18|16|17|21|18|16|17|21|18|16|17|21|18|16|17|21|18|16|17|21|18|16|17|21|18|16|17|21|18|16|17|21|18|16|17|21|18|16|17|21|18|16|17|21|18|16|17|21|18|16|17|21|18|16|17|21|18|16|17|21|18|16|17|21|
22|23|22|23|0|1|2|0|1|2|0|1|2|0|1|2|0|1|2|0|1|2|0|1|2|0|1|2|0|1|2|0|1|2|0|1|2|0|1|2|0|1|2|0|1|2|0|1|2|0|1|2|0|1|2|0|1|2|0|1|2|0|1|2|0|1|2|0|1|2|0|1|2|0|1|2|0|1|2|0|1|2|0|1|2|0|1|2|0|1|2|0|1|2|0|1|2|0|1|2|
4|3|1|2|0|1|2|0|1|2|0|1|2|0|1|2|0|1|2|0|1|2|0|1|2|0|1|2|0|1|2|0|1|2|0|1|2|0|1|2|0|1|2|0|1|2|0|1|2|0|1|2|0|1|2|0|1|2|0|1|2|0|1|2|0|1|2|0|1|2|0|1|2|0|1|2|0|1|2|0|1|2|0|1|2|0|1|2|0|1|2|0|1|2|0|1|2|0|1|2|
12|10|11|6|5|6|5|6|5|6|5|6|5|6|5|6|5|6|5|6|5|6|5|6|5|6|5|6|5|6|5|6|5|6|5|6|5|6|5|6|5|6|5|6|5|6|5|6|5|6|5|6|5|6|5|6|5|6|5|6|5|6|5|6|5|6|5|6|5|6|5|6|5|6|5|6|5|6|5|6|5|6|5|6|5|6|5|6|5|6|5|6|5|6|5|6|5|6|5|6|
6|5|6|5|6|5|6|5|6|5|6|5|6|5|6|5|6|5|6|5|6|5|6|5|6|5|6|5|6|5|6|5|6|5|6|5|6|5|6|5|6|5|6|5|6|5|6|5|6|5|6|5|6|5|6|5|6|5|6|5|6|5|6|5|6|5|6|5|6|5|6|5|6|5|6|5|6|5|6|5|6|5|6|5|6|5|6|5|6|5|6|5|6|5|6|5|6|5|6|5|
9|7|8|7|8|7|8|7|8|7|8|7|8|7|8|7|8|7|8|7|8|7|8|7|8|7|8|7|8|7|8|7|8|7|8|7|8|7|8|7|8|7|8|7|8|7|8|7|8|7|8|7|8|7|8|7|8|7|8|7|8|7|8|7|8|7|8|7|8|7|8|7|8|7|8|7|8|7|8|7|8|7|8|7|8|7|8|7|8|7|8|7|8|7|8|7|8|7|8|7|
8|7|8|7|8|7|8|7|8|7|8|7|8|7|8|7|8|7|8|7|8|7|8|7|8|7|8|7|8|7|8|7|8|7|8|7|8|7|8|7|8|7|8|7|8|7|8|7|8|7|8|7|8|7|8|7|8|7|8|7|8|7|8|7|8|7|8|7|8|7|8|7|8|7|8|7|8|7|8|7|8|7|8|7|8|7|8|7|8|7|8|7|8|7|8|7|8|7|8|7|
24|21|18|16|17|21|18|16|17|21|18|16|17|21|18|16|17|21|18|16|17|21|18|16|17|21|18|16|17|21|18|16|17|21|18|16|17|21|18|16|17|21|18|16|17|21|18|16|17|21|18|16|17|21|18|16|17|21|18|16|17|21|18|16|17|21|18|16|17|21|18|16|17|21|18|16|17|21|18|16|17|21|18|16|17|21|18|16|17|21|18|16|17|21|18|16|17|21|18|16|
23|22|23|22|23|0|1|2|0|1|2|0|1|2|0|1|2|0|1|2|0|1|2|0|1|2|0|1|2|0|1|2|0|1|2|0|1|2|0|1|2|0|1|2|0|1|2|0|1|2|0|1|2|0|1|2|0|1|2|0|1|2|0|1|2|0|1|2|0|1|2|0|1|2|0|1|2|0|1|2|0|1|2|0|1|2|0|1|2|0|1|2|0|1|2|0|1|2|0|1|
8|7|8|7|8|7|8|7|8|7|8|7|8|7|8|7|8|7|8|7|8|7|8|7|8|7|8|7|8|7|8|7|8|7|8|7|8|7|8|7|8|7|8|7|8|7|8|7|8|7|8|7|8|7|8|7|8|7|8|7|8|7|8|7|8|7|8|7|8|7|8|7|8|7|8|7|8|7|8|7|8|7|8|7|8|7|8|7|8|7|8|7|8|7|8|7|8|7|8|7|
17|21|18|16|17|21|18|16|17|21|18|16|17|21|18|16|17|21|18|16|17|21|18|16|17|21|18|16|17|21|18|16|17|21|18|16|17|21|18|16|17|21|18|16|17|21|18|16|17|21|18|16|17|21|18|16|17|21|18|16|17|21|18|16|17|21|18|16|17|21|18|16|17|21|18|16|17|21|18|16|17|21|18|16|17|21|18|16|17|21|18|16|17|21|18|16|17|21|18|16|
25|21|18|16|17|21|18|16|17|21|18|16|17|21|18|16|17|21|18|16|17|21|18|16|17|21|18|16|17|21|18|16|17|21|18|16|17|21|18|16|17|21|18|16|17|21|18|16|17|21|18|16|17|21|18|16|17|21|18|16|17|21|18|16|17|21|18|16|17|21|18|16|17|21|18|16|17|21|18|16|17|21|18|16|17|21|18|16|17|21|18|16|17|21|18|16|17|21|18|16|
6|5|6|5|6|5|6|5|6|5|6|5|6|5|6|5|6|5|6|5|6|5|6|5|6|5|6|5|6|5|6|5|6|5|6|5|6|5|6|5|6|5|6|5|6|5|6|5|6|5|6|5|6|5|6|5|6|5|6|5|6|5|6|5|6|5|6|5|6|5|6|5|6|5|6|5|6|5|6|5|6|5|6|5|6|5|6|5|6|5|6|5|6|5|6|5|6|5|6|5|
3|1|2|1|2|0|1|2|0|1|2|0|1|2|0|1|2|0|1|2|0|1|2|0|1|2|0|1|2|0|1|2|0|1|2|0|1|2|0|1|2|0|1|2|0|1|2|0|1|2|0|1|2|0|1|2|0|1|2|0|1|2|0|1|2|0|1|2|0|1|2|0|1|2|0|1|2|0|1|2|0|1|2|0|1|2|0|1|2|0|1|2|0|1|2|0|1|2|0|1|
12|10|11|6|5|6|5|6|5|6|5|6|5|6|5|6|5|6|5|6|5|6|5|6|5|6|5|6|5|6|5|6|5|6|5|6|5|6|5|6|5|6|5|6|5|6|5|6|5|6|5|6|5|6|5|6|5|6|5|6|5|6|5|6|5|6|5|6|5|6|5|6|5|6|5|6|5|6|5|6|5|6|5|6|5|6|5|6|5|6|5|6|5|6|5|6|5|6|5|6|
14|13|12|10|11|6|5|6|5|6|5|6|5|6|5|6|5|6|5|6|5|6|5|6|5|6|5|6|5|6|5|6|5|6|5|6|5|6|5|6|5|6|5|6|5|6|5|6|5|6|5|6|5|6|5|6|5|6|5|6|5|6|5|6|5|6|5|6|5|6|5|6|5|6|5|6|5|6|5|6|5|6|5|6|5|6|5|6|5|6|5|6|5|6|5|6|5|6|5|6|
21|18|16|17|21|18|16|17|21|18|16|17|21|18|16|17|21|18|16|17|21|18|16|17|21|18|16|17|21|18|16|17|21|18|16|17|21|18|16|17|21|18|16|17|21|18|16|17|21|18|16|17|21|18|16|17|21|18|16|17|21|18|16|17|21|18|16|17|21|18|16|17|21|18|16|17|21|18|16|17|21|18|16|17|21|18|16|17|21|18|16|17|21|18|16|17|21|18|16|17|
2|1|2|1|2|0|1|2|0|1|2|0|1|2|0|1|2|0|1|2|0|1|2|0|1|2|0|1|2|0|1|2|0|1|2|0|1|2|0|1|2|0|1|2|0|1|2|0|1|2|0|1|2|0|1|2|0|1|2|0|1|2|0|1|2|0|1|2|0|1|2|0|1|2|0|1|2|0|1|2|0|1|2|0|1|2|0|1|2|0|1|2|0|1|2|0|1|2|0|1|
22|23|22|23|0|1|2|0|1|2|0|1|2|0|1|2|0|1|2|0|1|2|0|1|2|0|1|2|0|1|2|0|1|2|0|1|2|0|1|2|0|1|2|0|1|2|0|1|2|0|1|2|0|1|2|0|1|2|0|1|2|0|1|2|0|1|2|0|1|2|0|1|2|0|1|2|0|1|2|0|1|2|0|1|2|0|1|2|0|1|2|0|1|2|0|1|2|0|1|2|
1|2|1|2|0|1|2|0|1|2|0|1|2|0|1|2|0|1|2|0|1|2|0|1|2|0|1|2|0|1|2|0|1|2|0|1|2|0|1|2|0|1|2|0|1|2|0|1|2|0|1|2|0|1|2|0|1|2|0|1|2|0|1|2|0|1|2|0|1|2|0|1|2|0|1|2|0|1|2|0|1|2|0|1|2|0|1|2|0|1|2|0|1|2|0|1|2|0|1|2|
25|21|18|16|17|21|18|16|17|21|18|16|17|21|18|16|17|21|18|16|17|21|18|16|17|21|18|16|17|21|18|16|17|21|18|16|17|21|18|16|17|21|18|16|17|21|18|16|17|21|18|16|17|21|18|16|17|21|18|16|17|21|18|16|17|21|18|16|17|21|18|16|17|21|18|16|17|21|18|16|17|21|18|16|17|21|18|16|17|21|18|16|17|21|18|16|17|21|18|16|
18|16|17|21|18|16|17|21|18|16|17|21|18|16|17|21|18|16|17|21|18|16|17|21|18|16|17|21|18|16|17|21|18|16|17|21|18|16|17|21|18|16|17|21|18|16|17|21|18|16|17|21|18|16|17|21|18|16|17|21|18|16|17|21|18|16|17|21|18|16|17|21|18|16|17|21|18|16|17|21|18|16|17|21|18|16|17|21|18|16|17|21|18|16|17|21|18|16|17|21|
11|6|5|6|5|6|5|6|5|6|5|6|5|6|5|6|5|6|5|6|5|6|5|6|5|6|5|6|5|6|5|6|5|6|5|6|5|6|5|6|5|6|5|6|5|6|5|6|5|6|5|6|5|6|5|6|5|6|5|6|5|6|5|6|5|6|5|6|5|6|5|6|5|6|5|6|5|6|5|6|5|6|5|6|5|6|5|6|5|6|5|6|5|6|5|6|5|6|5|6|
5|6|5|6|5|6|5|6|5|6|5|6|5|6|5|6|5|6|5|6|5|6|5|6|5|6|5|6|5|6|5|6|5|6|5|6|5|6|5|6|5|6|5|6|5|6|5|6|5|6|5|6|5|6|5|6|5|6|5|6|5|6|5|6|5|6|5|6|5|6|5|6|5|6|5|6|5|6|5|6|5|6|5|6|5|6|5|6|5|6|5|6|5|6|5|6|5|6|5|6|
1|2|1|2|0|1|2|0|1|2|0|1|2|0|1|2|0|1|2|0|1|2|0|1|2|0|1|2|0|1|2|0|1|2|0|1|2|0|1|2|0|1|2|0|1|2|0|1|2|0|1|2|0|1|2|0|1|2|0|1|2|0|1|2|0|1|2|0|1|2|0|1|2|0|1|2|0|1|2|0|1|2|0|1|2|0|1|2|0|1|2|0|1|2|0|1|2|0|1|2|
10|11|6|5|6|5|6|5|6|5|6|5|6|5|6|5|6|5|6|5|6|5|6|5|6|5|6|5|6|5|6|5|6|5|6|5|6|5|6|5|6|5|6|5|6|5|6|5|6|5|6|5|6|5|6|5|6|5|6|5|6|5|6|5|6|5|6|5|6|5|6|5|6|5|6|5|6|5|6|5|6|5|6|5|6|5|6|5|6|5|6|5|6|5|6|5|6|5|6|5|
20|9|7|8|7|8|7|8|7|8|7|8|7|8|7|8|7|8|7|8|7|8|7|8|7|8|7|8|7|8|7|8|7|8|7|8|7|8|7|8|7|8|7|8|7|8|7|8|7|8|7|8|7|8|7|8|7|8|7|8|7|8|7|8|7|8|7|8|7|8|7|8|7|8|7|8|7|8|7|8|7|8|7|8|7|8|7|8|7|8|7|8|7|8|7|8|7|8|7|8|
4|3|1|2|0|1|2|0|1|2|0|1|2|0|1|2|0|1|2|0|1|2|0|1|2|0|1|2|0|1|2|0|1|2|0|1|2|0|1|2|0|1|2|0|1|2|0|1|2|0|1|2|0|1|2|0|1|2|0|1|2|0|1|2|0|1|2|0|1|2|0|1|2|0|1|2|0|1|2|0|1|2|0|1|2|0|1|2|0|1|2|0|1|2|0|1|2|0|1|2|
4|3|1|2|0|1|2|0|1|2|0|1|2|0|1|2|0|1|2|0|1|2|0|1|2|0|1|2|0|1|2|0|1|2|0|1|2|0|1|2|0|1|2|0|1|2|0|1|2|0|1|2|0|1|2|0|1|2|0|1|2|0|1|2|0|1|2|0|1|2|0|1|2|0|1|2|0|1|2|0|1|2|0|1|2|0|1|2|0|1|2|0|1|2|0|1|2|0|1|2|
27|26|25|21|18|16|17|21|18|16|17|21|18|16|17|21|18|16|17|21|18|16|17|21|18|16|17|21|18|16|17|21|18|16|17|21|18|16|17|21|18|16|17|21|18|16|17|21|18|16|17|21|18|16|17|21|18|16|17|21|18|16|17|21|18|16|17|21|18|16|17|21|18|16|17|21|18|16|17|21|18|16|17|21|18|16|17|21|18|16|17|21|18|16|17|21|18|16|17|21|
8|7|8|7|8|7|8|7|8|7|8|7|8|7|8|7|8|7|8|7|8|7|8|7|8|7|8|7|8|7|8|7|8|7|8|7|8|7|8|7|8|7|8|7|8|7|8|7|8|7|8|7|8|7|8|7|8|7|8|7|8|7|8|7|8|7|8|7|8|7|8|7|8|7|8|7|8|7|8|7|8|7|8|7|8|7|8|7|8|7|8|7|8|7|8|7|8|7|8|7|
18|16|17|21|18|16|17|21|18|16|17|21|18|16|17|21|18|16|17|21|18|16|17|21|18|16|17|21|18|16|17|21|18|16|17|21|18|16|17|21|18|16|17|21|18|16|17|21|18|16|17|21|18|16|17|21|18|16|17|21|18|16|17|21|18|16|17|21|18|16|17|21|18|16|17|21|18|16|17|21|18|16|17|21|18|16|17|21|18|16|17|21|18|16|17|21|18|16|17|21|
17|21|18|16|17|21|18|16|17|21|18|16|17|21|18|16|17|21|18|16|17|21|18|16|17|21|18|16|17|21|18|16|17|21|18|16|17|21|18|16|17|21|18|16|17|21|18|16|17|21|18|16|17|21|18|16|17|21|18|16|17|21|18|16|17|21|18|16|17|21|18|16|17|21|18|16|17|21|18|16|17|21|18|16|17|21|18|16|17|21|18|16|17|21|18|16|17|21|18|16|
10|11|6|5|6|5|6|5|6|5|6|5|6|5|6|5|6|5|6|5|6|5|6|5|6|5|6|5|6|5|6|5|6|5|6|5|6|5|6|5|6|5|6|5|6|5|6|5|6|5|6|5|6|5|6|5|6|5|6|5|6|5|6|5|6|5|6|5|6|5|6|5|6|5|6|5|6|5|6|5|6|5|6|5|6|5|6|5|6|5|6|5|6|5|6|5|6|5|6|5|
10|11|6|5|6|5|6|5|6|5|6|5|6|5|6|5|6|5|6|5|6|5|6|5|6|5|6|5|6|5|6|5|6|5|6|5|6|5|6|5|6|5|6|5|6|5|6|5|6|5|6|5|6|5|6|5|6|5|6|5|6|5|6|5|6|5|6|5|6|5|6|5|6|5|6|5|6|5|6|5|6|5|6|5|6|5|6|5|6|5|6|5|6|5|6|5|6|5|6|5|
16|17|21|18|16|17|21|18|16|17|21|18|16|17|21|18|16|17|21|18|16|17|21|18|16|17|21|18|16|17|21|18|16|17|21|18|16|17|21|18|16|17|21|18|16|17|21|18|16|17|21|18|16|17|21|18|16|17|21|18|16|17|21|18|16|17|21|18|16|17|21|18|16|17|21|18|16|17|21|18|16|17|21|18|16|17|21|18|16|17|21|18|16|17|21|18|16|17|21|18|
18|16|17|21|18|16|17|21|18|16|17|21|18|16|17|21|18|16|17|21|18|16|17|21|18|16|17|21|18|16|17|21|18|16|17|21|18|16|17|21|18|16|17|21|18|16|17|21|18|16|17|21|18|16|17|21|18|16|17|21|18|16|17|21|18|16|17|21|18|16|17|21|18|16|17|21|18|16|17|21|18|16|17|21|18|16|17|21|18|16|17|21|18|16|17|21|18|16|17|21|
7|8|7|8|7|8|7|8|7|8|7|8|7|8|7|8|7|8|7|8|7|8|7|8|7|8|7|8|7|8|7|8|7|8|7|8|7|8|7|8|7|8|7|8|7|8|7|8|7|8|7|8|7|8|7|8|7|8|7|8|7|8|7|8|7|8|7|8|7|8|7|8|7|8|7|8|7|8|7|8|7|8|7|8|7|8|7|8|7|8|7|8|7|8|7|8|7|8|7|8|
25|21|18|16|17|21|18|16|17|21|18|16|17|21|18|16|17|21|18|16|17|21|18|16|17|21|18|16|17|21|18|16|17|21|18|16|17|21|18|16|17|21|18|16|17|21|18|16|17|21|18|16|17|21|18|16|17|21|18|16|17|21|18|16|17|21|18|16|17|21|18|16|17|21|18|16|17|21|18|16|17|21|18|16|17|21|18|16|17|21|18|16|17|21|18|16|17|21|18|16|
23|22|23|22|23|0|1|2|0|1|2|0|1|2|0|1|2|0|1|2|0|1|2|0|1|2|0|1|2|0|1|2|0|1|2|0|1|2|0|1|2|0|1|2|0|1|2|0|1|2|0|1|2|0|1|2|0|1|2|0|1|2|0|1|2|0|1|2|0|1|2|0|1|2|0|1|2|0|1|2|0|1|2|0|1|2|0|1|2|0|1|2|0|1|2|0|1|2|0|1|
9|7|8|7|8|7|8|7|8|7|8|7|8|7|8|7|8|7|8|7|8|7|8|7|8|7|8|7|8|7|8|7|8|7|8|7|8|7|8|7|8|7|8|7|8|7|8|7|8|7|8|7|8|7|8|7|8|7|8|7|8|7|8|7|8|7|8|7|8|7|8|7|8|7|8|7|8|7|8|7|8|7|8|7|8|7|8|7|8|7|8|7|8|7|8|7|8|7|8|7|
3|1|2|1|2|0|1|2|0|1|2|0|1|2|0|1|2|0|1|2|0|1|2|0|1|2|0|1|2|0|1|2|0|1|2|0|1|2|0|1|2|0|1|2|0|1|2|0|1|2|0|1|2|0|1|2|0|1|2|0|1|2|0|1|2|0|1|2|0|1|2|0|1|2|0|1|2|0|1|2|0|1|2|0|1|2|0|1|2|0|1|2|0|1|2|0|1|2|0|1|
5|6|5|6|5|6|5|6|5|6|5|6|5|6|5|6|5|6|5|6|5|6|5|6|5|6|5|6|5|6|5|6|5|6|5|6|5|6|5|6|5|6|5|6|5|6|5|6|5|6|5|6|5|6|5|6|5|6|5|6|5|6|5|6|5|6|5|6|5|6|5|6|5|6|5|6|5|6|5|6|5|6|5|6|5|6|5|6|5|6|5|6|5|6|5|6|5|6|5|6|
0|1|2|1|2|0|1|2|0|1|2|0|1|2|0|1|2|0|1|2|0|1|2|0|1|2|0|1|2|0|1|2|0|1|2|0|1|2|0|1|2|0|1|2|0|1|2|0|1|2|0|1|2|0|1|2|0|1|2|0|1|2|0|1|2|0|1|2|0|1|2|0|1|2|0|1|2|0|1|2|0|1|2|0|1|2|0|1|2|0|1|2|0|1|2|0|1|2|0|1|
19|18|16|17|21|18|16|17|21|18|16|17|21|18|16|17|21|18|16|17|21|18|16|17|21|18|16|17|21|18|16|17|21|18|16|17|21|18|16|17|21|18|16|17|21|18|16|17|21|18|16|17|21|18|16|17|21|18|16|17|21|18|16|17|21|18|16|17|21|18|16|17|21|18|16|17|21|18|16|17|21|18|16|17|21|18|16|17|21|18|16|17|21|18|16|17|21|18|16|17|
17|21|18|16|17|21|18|16|17|21|18|16|17|21|18|16|17|21|18|16|17|21|18|16|17|21|18|16|17|21|18|16|17|21|18|16|17|21|18|16|17|21|18|16|17|21|18|16|17|21|18|16|17|21|18|16|17|21|18|16|17|21|18|16|17|21|18|16|17|21|18|16|17|21|18|16|17|21|18|16|17|21|18|16|17|21|18|16|17|21|18|16|17|21|18|16|17|21|18|16|
19|18|16|17|21|18|16|17|21|18|16|17|21|18|16|17|21|18|16|17|21|18|16|17|21|18|16|17|21|18|16|17|21|18|16|17|21|18|16|17|21|18|16|17|21|18|16|17|21|18|16|17|21|18|16|17|21|18|16|17|21|18|16|17|21|18|16|17|21|18|16|17|21|18|16|17|21|18|16|17|21|18|16|17|21|18|16|17|21|18|16|17|21|18|16|17|21|18|16|17|
15|14|13|12|10|11|6|5|6|5|6|5|6|5|6|5|6|5|6|5|6|5|6|5|6|5|6|5|6|5|6|5|6|5|6|5|6|5|6|5|6|5|6|5|6|5|6|5|6|5|6|5|6|5|6|5|6|5|6|5|6|5|6|5|6|5|6|5|6|5|6|5|6|5|6|5|6|5|6|5|6|5|6|5|6|5|6|5|6|5|6|5|6|5|6|5|6|5|6|5|
0|1|2|1|2|0|1|2|0|1|2|0|1|2|0|1|2|0|1|2|0|1|2|0|1|2|0|1|2|0|1|2|0|1|2|0|1|2|0|1|2|0|1|2|0|1|2|0|1|2|0|1|2|0|1|2|0|1|2|0|1|2|0|1|2|0|1|2|0|1|2|0|1|2|0|1|2|0|1|2|0|1|2|0|1|2|0|1|2|0|1|2|0|1|2|0|1|2|0|1|
11|6|5|6|5|6|5|6|5|6|5|6|5|6|5|6|5|6|5|6|5|6|5|6|5|6|5|6|5|6|5|6|5|6|5|6|5|6|5|6|5|6|5|6|5|6|5|6|5|6|5|6|5|6|5|6|5|6|5|6|5|6|5|6|5|6|5|6|5|6|5|6|5|6|5|6|5|6|5|6|5|6|5|6|5|6|5|6|5|6|5|6|5|6|5|6|5|6|5|6|
2|1|2|1|2|0|1|2|0|1|2|0|1|2|0|1|2|0|1|2|0|1|2|0|1|2|0|1|2|0|1|2|0|1|2|0|1|2|0|1|2|0|1|2|0|1|2|0|1|2|0|1|2|0|1|2|0|1|2|0|1|2|0|1|2|0|1|2|0|1|2|0|1|2|0|1|2|0|1|2|0|1|2|0|1|2|0|1|2|0|1|2|0|1|2|0|1|2|0|1|
8|7|8|7|8|7|8|7|8|7|8|7|8|7|8|7|8|7|8|7|8|7|8|7|8|7|8|7|8|7|8|7|8|7|8|7|8|7|8|7|8|7|8|7|8|7|8|7|8|7|8|7|8|7|8|7|8|7|8|7|8|7|8|7|8|7|8|7|8|7|8|7|8|7|8|7|8|7|8|7|8|7|8|7|8|7|8|7|8|7|8|7|8|7|8|7|8|7|8|7|
23|22|23|22|23|0|1|2|0|1|2|0|1|2|0|1|2|0|1|2|0|1|2|0|1|2|0|1|2|0|1|2|0|1|2|0|1|2|0|1|2|0|1|2|0|1|2|0|1|2|0|1|2|0|1|2|0|1|2|0|1|2|0|1|2|0|1|2|0|1|2|0|1|2|0|1|2|0|1|2|0|1|2|0|1|2|0|1|2|0|1|2|0|1|2|0|1|2|0|1|
8|7|8|7|8|7|8|7|8|7|8|7|8|7|8|7|8|7|8|7|8|7|8|7|8|7|8|7|8|7|8|7|8|7|8|7|8|7|8|7|8|7|8|7|8|7|8|7|8|7|8|7|8|7|8|7|8|7|8|7|8|7|8|7|8|7|8|7|8|7|8|7|8|7|8|7|8|7|8|7|8|7|8|7|8|7|8|7|8|7|8|7|8|7|8|7|8|7|8|7|
22|23|22|23|0|1|2|0|1|2|0|1|2|0|1|2|0|1|2|0|1|2|0|1|2|0|1|2|0|1|2|0|1|2|0|1|2|0|1|2|0|1|2|0|1|2|0|1|2|0|1|2|0|1|2|0|1|2|0|1|2|0|1|2|0|1|2|0|1|2|0|1|2|0|1|2|0|1|2|0|1|2|0|1|2|0|1|2|0|1|2|0|1|2|0|1|2|0|1|2|
0|1|2|1|2|0|1|2|0|1|2|0|1|2|0|1|2|0|1|2|0|1|2|0|1|2|0|1|2|0|1|2|0|1|2|0|1|2|0|1|2|0|1|2|0|1|2|0|1|2|0|1|2|0|1|2|0|1|2|0|1|2|0|1|2|0|1|2|0|1|2|0|1|2|0|1|2|0|1|2|0|1|2|0|1|2|0|1|2|0|1|2|0|1|2|0|1|2|0|1|
10|11|6|5|6|5|6|5|6|5|6|5|6|5|6|5|6|5|6|5|6|5|6|5|6|5|6|5|6|5|6|5|6|5|6|5|6|5|6|5|6|5|6|5|6|5|6|5|6|5|6|5|6|5|6|5|6|5|6|5|6|5|6|5|6|5|6|5|6|5|6|5|6|5|6|5|6|5|6|5|6|5|6|5|6|5|6|5|6|5|6|5|6|5|6|5|6|5|6|5|
27|26|25|21|18|16|17|21|18|16|17|21|18|16|17|21|18|16|17|21|18|16|17|21|18|16|17|21|18|16|17|21|18|16|17|21|18|16|17|21|18|16|17|21|18|16|17|21|18|16|17|21|18|16|17|21|18|16|17|21|18|16|17|21|18|16|17|21|18|16|17|21|18|16|17|21|18|16|17|21|18|16|17|21|18|16|17|21|18|16|17|21|18|16|17|21|18|16|17|21|
11|6|5|6|5|6|5|6|5|6|5|6|5|6|5|6|5|6|5|6|5|6|5|6|5|6|5|6|5|6|5|6|5|6|5|6|5|6|5|6|5|6|5|6|5|6|5|6|5|6|5|6|5|6|5|6|5|6|5|6|5|6|5|6|5|6|5|6|5|6|5|6|5|6|5|6|5|6|5|6|5|6|5|6|5|6|5|6|5|6|5|6|5|6|5|6|5|6|5|6|
23|22|23|22|23|0|1|2|0|1|2|0|1|2|0|1|2|0|1|2|0|1|2|0|1|2|0|1|2|0|1|2|0|1|2|0|1|2|0|1|2|0|1|2|0|1|2|0|1|2|0|1|2|0|1|2|0|1|2|0|1|2|0|1|2|0|1|2|0|1|2|0|1|2|0|1|2|0|1|2|0|1|2|0|1|2|0|1|2|0|1|2|0|1|2|0|1|2|0|1|
17|21|18|16|17|21|18|16|17|21|18|16|17|21|18|16|17|21|18|16|17|21|18|16|17|21|18|16|17|21|18|16|17|21|18|16|17|21|18|16|17|21|18|16|17|21|18|16|17|21|18|16|17|21|18|16|17|21|18|16|17|21|18|16|17|21|18|16|17|21|18|16|17|21|18|16|17|21|18|16|17|21|18|16|17|21|18|16|17|21|18|16|17|21|18|16|17|21|18|16|
3|1|2|1|2|0|1|2|0|1|2|0|1|2|0|1|2|0|1|2|0|1|2|0|1|2|0|1|2|0|1|2|0|1|2|0|1|2|0|1|2|0|1|2|0|1|2|0|1|2|0|1|2|0|1|2|0|1|2|0|1|2|0|1|2|0|1|2|0|1|2|0|1|2|0|1|2|0|1|2|0|1|2|0|1|2|0|1|2|0|1|2|0|1|2|0|1|2|0|1|
20|9|7|8|7|8|7|8|7|8|7|8|7|8|7|8|7|8|7|8|7|8|7|8|7|8|7|8|7|8|7|8|7|8|7|8|7|8|7|8|7|8|7|8|7|8|7|8|7|8|7|8|7|8|7|8|7|8|7|8|7|8|7|8|7|8|7|8|7|8|7|8|7|8|7|8|7|8|7|8|7|8|7|8|7|8|7|8|7|8|7|8|7|8|7|8|7|8|7|8|
24|21|18|16|17|21|18|16|17|21|18|16|17|21|18|16|17|21|18|16|17|21|18|16|17|21|18|16|17|21|18|16|17|21|18|16|17|21|18|16|17|21|18|16|17|21|18|16|17|21|18|16|17|21|18|16|17|21|18|16|17|21|18|16|17|21|18|16|17|21|18|16|17|21|18|16|17|21|18|16|17|21|18|16|17|21|18|16|17|21|18|16|17|21|18|16|17|21|18|16|
27|26|25|21|18|16|17|21|18|16|17|21|18|16|17|21|18|16|17|21|18|16|17|21|18|16|17|21|18|16|17|21|18|16|17|21|18|16|17|21|18|16|17|21|18|16|17|21|18|16|17|21|18|16|17|21|18|16|17|21|18|16|17|21|18|16|17|21|18|16|17|21|18|16|17|21|18|16|17|21|18|16|17|21|18|16|17|21|18|16|17|21|18|16|17|21|18|16|17|21|
27|26|25|21|18|16|17|21|18|16|17|21|18|16|17|21|18|16|17|21|18|16|17|21|18|16|17|21|18|16|17|21|18|16|17|21|18|16|17|21|18|16|17|21|18|16|17|21|18|16|17|21|18|16|17|21|18|16|17|21|18|16|17|21|18|16|17|21|18|16|17|21|18|16|17|21|18|16|17|21|18|16|17|21|18|16|17|21|18|16|17|21|18|16|17|21|18|16|17|21|
8|7|8|7|8|7|8|7|8|7|8|7|8|7|8|7|8|7|8|7|8|7|8|7|8|7|8|7|8|7|8|7|8|7|8|7|8|7|8|7|8|7|8|7|8|7|8|7|8|7|8|7|8|7|8|7|8|7|8|7|8|7|8|7|8|7|8|7|8|7|8|7|8|7|8|7|8|7|8|7|8|7|8|7|8|7|8|7|8|7|8|7|8|7|8|7|8|7|8|7|
23|22|23|22|23|0|1|2|0|1|2|0|1|2|0|1|2|0|1|2|0|1|2|0|1|2|0|1|2|0|1|2|0|1|2|0|1|2|0|1|2|0|1|2|0|1|2|0|1|2|0|1|2|0|1|2|0|1|2|0|1|2|0|1|2|0|1|2|0|1|2|0|1|2|0|1|2|0|1|2|0|1|2|0|1|2|0|1|2|0|1|2|0|1|2|0|1|2|0|1|
20|9|7|8|7|8|7|8|7|8|7|8|7|8|7|8|7|8|7|8|7|8|7|8|7|8|7|8|7|8|7|8|7|8|7|8|7|8|7|8|7|8|7|8|7|8|7|8|7|8|7|8|7|8|7|8|7|8|7|8|7|8|7|8|7|8|7|8|7|8|7|8|7|8|7|8|7|8|7|8|7|8|7|8|7|8|7|8|7|8|7|8|7|8|7|8|7|8|7|8|
24|21|18|16|17|21|18|16|17|21|18|16|17|21|18|16|17|21|18|16|17|21|18|16|17|21|18|16|17|21|18|16|17|21|18|16|17|21|18|16|17|21|18|16|17|21|18|16|17|21|18|16|17|21|18|16|17|21|18|16|17|21|18|16|17|21|18|16|17|21|18|16|17|21|18|16|17|21|18|16|17|21|18|16|17|21|18|16|17|21|18|16|17|21|18|16|17|21|18|16|
24|21|18|16|17|21|18|16|17|21|18|16|17|21|18|16|17|21|18|16|17|21|18|16|17|21|18|16|17|21|18|16|17|21|18|16|17|21|18|16|17|21|18|16|17|21|18|16|17|21|18|16|17|21|18|16|17|21|18|16|17|21|18|16|17|21|18|16|17|21|18|16|17|21|18|16|17|21|18|16|17|21|18|16|17|21|18|16|17|21|18|16|17|21|18|16|17|21|18|16|
14|13|12|10|11|6|5|6|5|6|5|6|5|6|5|6|5|6|5|6|5|6|5|6|5|6|5|6|5|6|5|6|5|6|5|6|5|6|5|6|5|6|5|6|5|6|5|6|5|6|5|6|5|6|5|6|5|6|5|6|5|6|5|6|5|6|5|6|5|6|5|6|5|6|5|6|5|6|5|6|5|6|5|6|5|6|5|6|5|6|5|6|5|6|5|6|5|6|5|6|
4|3|1|2|0|1|2|0|1|2|0|1|2|0|1|2|0|1|2|0|1|2|0|1|2|0|1|2|0|1|2|0|1|2|0|1|2|0|1|2|0|1|2|0|1|2|0|1|2|0|1|2|0|1|2|0|1|2|0|1|2|0|1|2|0|1|2|0|1|2|0|1|2|0|1|2|0|1|2|0|1|2|0|1|2|0|1|2|0|1|2|0|1|2|0|1|2|0|1|2|
26|25|21|18|16|17|21|18|16|17|21|18|16|17|21|18|16|17|21|18|16|17|21|18|16|17|21|18|16|17|21|18|16|17|21|18|16|17|21|18|16|17|21|18|16|17|21|18|16|17|21|18|16|17|21|18|16|17|21|18|16|17|21|18|16|17|21|18|16|17|21|18|16|17|21|18|16|17|21|18|16|17|21|18|16|17|21|18|16|17|21|18|16|17|21|18|16|17|21|18|
20|9|7|8|7|8|7|8|7|8|7|8|7|8|7|8|7|8|7|8|7|8|7|8|7|8|7|8|7|8|7|8|7|8|7|8|7|8|7|8|7|8|7|8|7|8|7|8|7|8|7|8|7|8|7|8|7|8|7|8|7|8|7|8|7|8|7|8|7|8|7|8|7|8|7|8|7|8|7|8|7|8|7|8|7|8|7|8|7|8|7|8|7|8|7|8|7|8|7|8|
21|18|16|17|21|18|16|17|21|18|16|17|21|18|16|17|21|18|16|17|21|18|16|17|21|18|16|17|21|18|16|17|21|18|16|17|21|18|16|17|21|18|16|17|21|18|16|17|21|18|16|17|21|18|16|17|21|18|16|17|21|18|16|17|21|18|16|17|21|18|16|17|21|18|16|17|21|18|16|17|21|18|16|17|21|18|16|17|21|18|16|17|21|18|16|17|21|18|16|17|
13|12|10|11|6|5|6|5|6|5|6|5|6|5|6|5|6|5|6|5|6|5|6|5|6|5|6|5|6|5|6|5|6|5|6|5|6|5|6|5|6|5|6|5|6|5|6|5|6|5|6|5|6|5|6|5|6|5|6|5|6|5|6|5|6|5|6|5|6|5|6|5|6|5|6|5|6|5|6|5|6|5|6|5|4|3|1|2|0|1|2|0|1|2|0|1|2|0|1|2|
11|1|2|1|2|0|1|2|0|1|2|0|1|2|0|1|2|0|1|2|0|1|2|0|1|2|0|1|2|0|1|2|0|1|2|0|1|2|0|1|2|0|1|2|0|1|2|0|1|2|0|1|2|0|1|2|0|1|2|0|1|2|0|1|2|0|1|2|0|1|2|0|1|2|0|1|2|0|1|2|0|1|2|0|1|2|0|1|2|0|1|2|0|1|2|0|1|2|0|1|
14|10|9|6|5|4|3|1|2|0|1|2|0|1|2|0|1|2|0|1|2|0|1|2|0|1|2|0|1|2|0|1|2|0|1|2|0|1|2|0|1|2|0|1|2|0|1|2|0|1|2|0|1|2|0|1|2|0|1|2|0|1|2|0|1|2|0|1|2|0|1|2|0|1|2|0|1|2|0|1|2|0|1|2|0|1|2|0|1|2|0|1|2|0|1|2|0|1|2|0|
11|1|2|1|2|0|1|2|0|1|2|0|1|2|0|1|2|0|1|2|0|1|2|0|1|2|0|1|2|0|1|2|0|1|2|0|1|2|0|1|2|0|1|2|0|1|2|0|1|2|0|1|2|0|1|2|0|1|2|0|1|2|0|1|2|0|1|2|0|1|2|0|1|2|0|1|2|0|1|2|0|1|2|0|1|2|0|1|2|0|1|2|0|1|2|0|1|2|0|1|
18|14|10|9|6|5|4|3|1|2|0|1|2|0|1|2|0|1|2|0|1|2|0|1|2|0|1|2|0|1|2|0|1|2|0|1|2|0|1|2|0|1|2|0|1|2|0|1|2|0|1|2|0|1|2|0|1|2|0|1|2|0|1|2|0|1|2|0|1|2|0|1|2|0|1|2|0|1|2|0|1|2|0|1|2|0|1|2|0|1|2|0|1|2|0|1|2|0|1|2|
4|3|1|2|0|1|2|0|1|2|0|1|2|0|1|2|0|1|2|0|1|2|0|1|2|0|1|2|0|1|2|0|1|2|0|1|2|0|1|2|0|1|2|0|1|2|0|1|2|0|1|2|0|1|2|0|1|2|0|1|2|0|1|2|0|1|2|0|1|2|0|1|2|0|1|2|0|1|2|0|1|2|0|1|2|0|1|2|0|1|2|0|1|2|0|1|2|0|1|2|
4|3|1|2|0|1|2|0|1|2|0|1|2|0|1|2|0|1|2|0|1|2|0|1|2|0|1|2|0|1|2|0|1|2|0|1|2|0|1|2|0|1|2|0|1|2|0|1|2|0|1|2|0|1|2|0|1|2|0|1|2|0|1|2|0|1|2|0|1|2|0|1|2|0|1|2|0|1|2|0|1|2|0|1|2|0|1|2|0|1|2|0|1|2|0|1|2|0|1|2|
20|9|6|5|4|3|1|2|0|1|2|0|1|2|0|1|2|0|1|2|0|1|2|0|1|2|0|1|2|0|1|2|0|1|2|0|1|2|0|1|2|0|1|2|0|1|2|0|1|2|0|1|2|0|1|2|0|1|2|0|1|2|0|1|2|0|1|2|0|1|2|0|1|2|0|1|2|0|1|2|0|1|2|0|1|2|0|1|2|0|1|2|0|1|2|0|1|2|0|1|
25|21|17|16|15|14|10|9|6|5|4|3|1|2|0|1|2|0|1|2|0|1|2|0|1|2|0|1|2|0|1|2|0|1|2|0|1|2|0|1|2|0|1|2|0|1|2|0|1|2|0|1|2|0|1|2|0|1|2|0|1|2|0|1|2|0|1|2|0|1|2|0|1|2|0|1|2|0|1|2|0|1|2|0|1|2|0|1|2|0|1|2|0|1|2|0|1|2|0|1|
0|1|2|1|2|0|1|2|0|1|2|0|1|2|0|1|2|0|1|2|0|1|2|0|1|2|0|1|2|0|1|2|0|1|2|0|1|2|0|1|2|0|1|2|0|1|2|0|1|2|0|1|2|0|1|2|0|1|2|0|1|2|0|1|2|0|1|2|0|1|2|0|1|2|0|1|2|0|1|2|0|1|2|0|1|2|0|1|2|0|1|2|0|1|2|0|1|2|0|1|
22|8|5|4|3|1|2|0|1|2|0|1|2|0|1|2|0|1|2|0|1|2|0|1|2|0|1|2|0|1|2|0|1|2|0|1|2|0|1|2|0|1|2|0|1|2|0|1|2|0|1|2|0|1|2|0|1|2|0|1|2|0|1|2|0|1|2|0|1|2|0|1|2|0|1|2|0|1|2|0|1|2|0|1|2|0|1|2|0|1|2|0|1|2|0|1|2|0|1|2|
8|5|4|3|1|2|0|1|2|0|1|2|0|1|2|0|1|2|0|1|2|0|1|2|0|1|2|0|1|2|0|1|2|0|1|2|0|1|2|0|1|2|0|1|2|0|1|2|0|1|2|0|1|2|0|1|2|0|1|2|0|1|2|0|1|2|0|1|2|0|1|2|0|1|2|0|1|2|0|1|2|0|1|2|0|1|2|0|1|2|0|1|2|0|1|2|0|1|2|0|
15|14|10|9|6|5|4|3|1|2|0|1|2|0|1|2|0|1|2|0|1|2|0|1|2|0|1|2|0|1|2|0|1|2|0|1|2|0|1|2|0|1|2|0|1|2|0|1|2|0|1|2|0|1|2|0|1|2|0|1|2|0|1|2|0|1|2|0|1|2|0|1|2|0|1|2|0|1|2|0|1|2|0|1|2|0|1|2|0|1|2|0|1|2|0|1|2|0|1|2|
10|9|6|5|4|3|1|2|0|1|2|0|1|2|0|1|2|0|1|2|0|1|2|0|1|2|0|1|2|0|1|2|0|1|2|0|1|2|0|1|2|0|1|2|0|1|2|0|1|2|0|1|2|0|1|2|0|1|2|0|1|2|0|1|2|0|1|2|0|1|2|0|1|2|0|1|2|0|1|2|0|1|2|0|1|2|0|1|2|0|1|2|0|1|2|0|1|2|0|1|
5|4|3|1|2|0|1|2|0|1|2|0|1|2|0|1|2|0|1|2|0|1|2|0|1|2|0|1|2|0|1|2|0|1|2|0|1|2|0|1|2|0|1|2|0|1|2|0|1|2|0|1|2|0|1|2|0|1|2|0|1|2|0|1|2|0|1|2|0|1|2|0|1|2|0|1|2|0|1|2|0|1|2|0|1|2|0|1|2|0|1|2|0|1|2|0|1|2|0|1|
18|14|10|9|6|5|4|3|1|2|0|1|2|0|1|2|0|1|2|0|1|2|0|1|2|0|1|2|0|1|2|0|1|2|0|1|2|0|1|2|0|1|2|0|1|2|0|1|2|0|1|2|0|1|2|0|1|2|0|1|2|0|1|2|0|1|2|0|1|2|0|1|2|0|1|2|0|1|2|0|1|2|0|1|2|0|1|2|0|1|2|0|1|2|0|1|2|0|1|2|
24|7|6|5|4|3|1|2|0|1|2|0|1|2|0|1|2|0|1|2|0|1|2|0|1|2|0|1|2|0|1|2|0|1|2|0|1|2|0|1|2|0|1|2|0|1|2|0|1|2|0|1|2|0|1|2|0|1|2|0|1|2|0|1|2|0|1|2|0|1|2|0|1|2|0|1|2|0|1|2|0|1|2|0|1|2|0|1|2|0|1|2|0|1|2|0|1|2|0|1|
1|2|1|2|0|1|2|0|1|2|0|1|2|0|1|2|0|1|2|0|1|2|0|1|2|0|1|2|0|1|2|0|1|2|0|1|2|0|1|2|0|1|2|0|1|2|0|1|2|0|1|2|0|1|2|0|1|2|0|1|2|0|1|2|0|1|2|0|1|2|0|1|2|0|1|2|0|1|2|0|1|2|0|1|2|0|1|2|0|1|2|0|1|2|0|1|2|0|1|2|
6|5|4|3|1|2|0|1|2|0|1|2|0|1|2|0|1|2|0|1|2|0|1|2|0|1|2|0|1|2|0|1|2|0|1|2|0|1|2|0|1|2|0|1|2|0|1|2|0|1|2|0|1|2|0|1|2|0|1|2|0|1|2|0|1|2|0|1|2|0|1|2|0|1|2|0|1|2|0|1|2|0|1|2|0|1|2|0|1|2|0|1|2|0|1|2|0|1|2|0|
6|5|4|3|1|2|0|1|2|0|1|2|0|1|2|0|1|2|0|1|2|0|1|2|0|1|2|0|1|2|0|1|2|0|1|2|0|1|2|0|1|2|0|1|2|0|1|2|0|1|2|0|1|2|0|1|2|0|1|2|0|1|2|0|1|2|0|1|2|0|1|2|0|1|2|0|1|2|0|1|2|0|1|2|0|1|2|0|1|2|0|1|2|0|1|2|0|1|2|0|
11|1|2|1|2|0|1|2|0|1|2|0|1|2|0|1|2|0|1|2|0|1|2|0|1|2|0|1|2|0|1|2|0|1|2|0|1|2|0|1|2|0|1|2|0|1|2|0|1|2|0|1|2|0|1|2|0|1|2|0|1|2|0|1|2|0|1|2|0|1|2|0|1|2|0|1|2|0|1|2|0|1|2|0|1|2|0|1|2|0|1|2|0|1|2|0|1|2|0|1|
9|6|5|4|3|1|2|0|1|2|0|1|2|0|1|2|0|1|2|0|1|2|0|1|2|0|1|2|0|1|2|0|1|2|0|1|2|0|1|2|0|1|2|0|1|2|0|1|2|0|1|2|0|1|2|0|1|2|0|1|2|0|1|2|0|1|2|0|1|2|0|1|2|0|1|2|0|1|2|0|1|2|0|1|2|0|1|2|0|1|2|0|1|2|0|1|2|0|1|2|
1|2|1|2|0|1|2|0|1|2|0|1|2|0|1|2|0|1|2|0|1|2|0|1|2|0|1|2|0|1|2|0|1|2|0|1|2|0|1|2|0|1|2|0|1|2|0|1|2|0|1|2|0|1|2|0|1|2|0|1|2|0|1|2|0|1|2|0|1|2|0|1|2|0|1|2|0|1|2|0|1|2|0|1|2|0|1|2|0|1|2|0|1|2|0|1|2|0|1|2|
19|18|14|10|9|6|5|4|3|1|2|0|1|2|0|1|2|0|1|2|0|1|2|0|1|2|0|1|2|0|1|2|0|1|2|0|1|2|0|1|2|0|1|2|0|1|2|0|1|2|0|1|2|0|1|2|0|1|2|0|1|2|0|1|2|0|1|2|0|1|2|0|1|2|0|1|2|0|1|2|0|1|2|0|1|2|0|1|2|0|1|2|0|1|2|0|1|2|0|1|
8|5|4|3|1|2|0|1|2|0|1|2|0|1|2|0|1|2|0|1|2|0|1|2|0|1|2|0|1|2|0|1|2|0|1|2|0|1|2|0|1|2|0|1|2|0|1|2|0|1|2|0|1|2|0|1|2|0|1|2|0|1|2|0|1|2|0|1|2|0|1|2|0|1|2|0|1|2|0|1|2|0|1|2|0|1|2|0|1|2|0|1|2|0|1|2|0|1|2|0|
23|22|8|5|4|3|1|2|0|1|2|0|1|2|0|1|2|0|1|2|0|1|2|0|1|2|0|1|2|0|1|2|0|1|2|0|1|2|0|1|2|0|1|2|0|1|2|0|1|2|0|1|2|0|1|2|0|1|2|0|1|2|0|1|2|0|1|2|0|1|2|0|1|2|0|1|2|0|1|2|0|1|2|0|1|2|0|1|2|0|1|2|0|1|2|0|1|2|0|1|
23|22|8|5|4|3|1|2|0|1|2|0|1|2|0|1|2|0|1|2|0|1|2|0|1|2|0|1|2|0|1|2|0|1|2|0|1|2|0|1|2|0|1|2|0|1|2|0|1|2|0|1|2|0|1|2|0|1|2|0|1|2|0|1|2|0|1|2|0|1|2|0|1|2|0|1|2|0|1|2|0|1|2|0|1|2|0|1|2|0|1|2|0|1|2|0|1|2|0|1|
4|3|1|2|0|1|2|0|1|2|0|1|2|0|1|2|0|1|2|0|1|2|0|1|2|0|1|2|0|1|2|0|1|2|0|1|2|0|1|2|0|1|2|0|1|2|0|1|2|0|1|2|0|1|2|0|1|2|0|1|2|0|1|2|0|1|2|0|1|2|0|1|2|0|1|2|0|1|2|0|1|2|0|1|2|0|1|2|0|1|2|0|1|2|0|1|2|0|1|2|
14|10|9|6|5|4|3|1|2|0|1|2|0|1|2|0|1|2|0|1|2|0|1|2|0|1|2|0|1|2|0|1|2|0|1|2|0|1|2|0|1|2|0|1|2|0|1|2|0|1|2|0|1|2|0|1|2|0|1|2|0|1|2|0|1|2|0|1|2|0|1|2|0|1|2|0|1|2|0|1|2|0|1|2|0|1|2|0|1|2|0|1|2|0|1|2|0|1|2|0|
15|14|10|9|6|5|4|3|1|2|0|1|2|0|1|2|0|1|2|0|1|2|0|1|2|0|1|2|0|1|2|0|1|2|0|1|2|0|1|2|0|1|2|0|1|2|0|1|2|0|1|2|0|1|2|0|1|2|0|1|2|0|1|2|0|1|2|0|1|2|0|1|2|0|1|2|0|1|2|0|1|2|0|1|2|0|1|2|0|1|2|0|1|2|0|1|2|0|1|2|
3|1|2|1|2|0|1|2|0|1|2|0|1|2|0|1|2|0|1|2|0|1|2|0|1|2|0|1|2|0|1|2|0|1|2|0|1|2|0|1|2|0|1|2|0|1|2|0|1|2|0|1|2|0|1|2|0|1|2|0|1|2|0|1|2|0|1|2|0|1|2|0|1|2|0|1|2|0|1|2|0|1|2|0|1|2|0|1|2|0|1|2|0|1|2|0|1|2|0|1|
25|21|17|16|15|14|10|9|6|5|4|3|1|2|0|1|2|0|1|2|0|1|2|0|1|2|0|1|2|0|1|2|0|1|2|0|1|2|0|1|2|0|1|2|0|1|2|0|1|2|0|1|2|0|1|2|0|1|2|0|1|2|0|1|2|0|1|2|0|1|2|0|1|2|0|1|2|0|1|2|0|1|2|0|1|2|0|1|2|0|1|2|0|1|2|0|1|2|0|1|
16|15|14|10|9|6|5|4|3|1|2|0|1|2|0|1|2|0|1|2|0|1|2|0|1|2|0|1|2|0|1|2|0|1|2|0|1|2|0|1|2|0|1|2|0|1|2|0|1|2|0|1|2|0|1|2|0|1|2|0|1|2|0|1|2|0|1|2|0|1|2|0|1|2|0|1|2|0|1|2|0|1|2|0|1|2|0|1|2|0|1|2|0|1|2|0|1|2|0|1|
1|2|1|2|0|1|2|0|1|2|0|1|2|0|1|2|0|1|2|0|1|2|0|1|2|0|1|2|0|1|2|0|1|2|0|1|2|0|1|2|0|1|2|0|1|2|0|1|2|0|1|2|0|1|2|0|1|2|0|1|2|0|1|2|0|1|2|0|1|2|0|1|2|0|1|2|0|1|2|0|1|2|0|1|2|0|1|2|0|1|2|0|1|2|0|1|2|0|1|2|
14|10|9|6|5|4|3|1|2|0|1|2|0|1|2|0|1|2|0|1|2|0|1|2|0|1|2|0|1|2|0|1|2|0|1|2|0|1|2|0|1|2|0|1|2|0|1|2|0|1|2|0|1|2|0|1|2|0|1|2|0|1|2|0|1|2|0|1|2|0|1|2|0|1|2|0|1|2|0|1|2|0|1|2|0|1|2|0|1|2|0|1|2|0|1|2|0|1|2|0|
26|25|21|17|16|15|14|10|9|6|5|4|3|1|2|0|1|2|0|1|2|0|1|2|0|1|2|0|1|2|0|1|2|0|1|2|0|1|2|0|1|2|0|1|2|0|1|2|0|1|2|0|1|2|0|1|2|0|1|2|0|1|2|0|1|2|0|1|2|0|1|2|0|1|2|0|1|2|0|1|2|0|1|2|0|1|2|0|1|2|0|1|2|0|1|2|0|1|2|0|
13|12|2|1|2|0|1|2|0|1|2|0|1|2|0|1|2|0|1|2|0|1|2|0|1|2|0|1|2|0|1|2|0|1|2|0|1|2|0|1|2|0|1|2|0|1|2|0|1|2|0|1|2|0|1|2|0|1|2|0|1|2|0|1|2|0|1|2|0|1|2|0|1|2|0|1|2|0|1|2|0|1|2|0|1|2|0|1|2|0|1|2|0|1|2|0|1|2|0|1|
27|26|25|21|17|16|15|14|10|9|6|5|4|3|1|2|0|1|2|0|1|2|0|1|2|0|1|2|0|1|2|0|1|2|0|1|2|0|1|2|0|1|2|0|1|2|0|1|2|0|1|2|0|1|2|0|1|2|0|1|2|0|1|2|0|1|2|0|1|2|0|1|2|0|1|2|0|1|2|0|1|2|0|1|2|0|1|2|0|1|2|0|1|2|0|1|2|0|1|2|
5|4|3|1|2|0|1|2|0|1|2|0|1|2|0|1|2|0|1|2|0|1|2|0|1|2|0|1|2|0|1|2|0|1|2|0|1|2|0|1|2|0|1|2|0|1|2|0|1|2|0|1|2|0|1|2|0|1|2|0|1|2|0|1|2|0|1|2|0|1|2|0|1|2|0|1|2|0|1|2|0|1|2|0|1|2|0|1|2|0|1|2|0|1|2|0|1|2|0|1|
12|2|1|2|0|1|2|0|1|2|0|1|2|0|1|2|0|1|2|0|1|2|0|1|2|0|1|2|0|1|2|0|1|2|0|1|2|0|1|2|0|1|2|0|1|2|0|1|2|0|1|2|0|1|2|0|1|2|0|1|2|0|1|2|0|1|2|0|1|2|0|1|2|0|1|2|0|1|2|0|1|2|0|1|2|0|1|2|0|1|2|0|1|2|0|1|2|0|1|2|
26|25|21|17|16|15|14|10|9|6|5|4|3|1|2|0|1|2|0|1|2|0|1|2|0|1|2|0|1|2|0|1|2|0|1|2|0|1|2|0|1|2|0|1|2|0|1|2|0|1|2|0|1|2|0|1|2|0|1|2|0|1|2|0|1|2|0|1|2|0|1|2|0|1|2|0|1|2|0|1|2|0|1|2|0|1|2|0|1|2|0|1|2|0|1|2|0|1|2|0|
27|26|25|21|17|16|15|14|10|9|6|5|4|3|1|2|0|1|2|0|1|2|0|1|2|0|1|2|0|1|2|0|1|2|0|1|2|0|1|2|0|1|2|0|1|2|0|1|2|0|1|2|0|1|2|0|1|2|0|1|2|0|1|2|0|1|2|0|1|2|0|1|2|0|1|2|0|1|2|0|1|2|0|1|2|0|1|2|0|1|2|0|1|2|0|1|2|0|1|2|
27|26|25|21|17|16|15|14|10|9|6|5|4|3|1|2|0|1|2|0|1|2|0|1|2|0|1|2|0|1|2|0|1|2|0|1|2|0|1|2|0|1|2|0|1|2|0|1|2|0|1|2|0|1|2|0|1|2|0|1|2|0|1|2|0|1|2|0|1|2|0|1|2|0|1|2|0|1|2|0|1|2|0|1|2|0|1|2|0|1|2|0|1|2|0|1|2|0|1|2|
26|25|21|17|16|15|14|10|9|6|5|4|3|1|2|0|1|2|0|1|2|0|1|2|0|1|2|0|1|2|0|1|2|0|1|2|0|1|2|0|1|2|0|1|2|0|1|2|0|1|2|0|1|2|0|1|2|0|1|2|0|1|2|0|1|2|0|1|2|0|1|2|0|1|2|0|1|2|0|1|2|0|1|2|0|1|2|0|1|2|0|1|2|0|1|2|0|1|2|0|
4|3|1|2|0|1|2|0|1|2|0|1|2|0|1|2|0|1|2|0|1|2|0|1|2|0|1|2|0|1|2|0|1|2|0|1|2|0|1|2|0|1|2|0|1|2|0|1|2|0|1|2|0|1|2|0|1|2|0|1|2|0|1|2|0|1|2|0|1|2|0|1|2|0|1|2|0|1|2|0|1|2|0|1|2|0|1|2|0|1|2|0|1|2|0|1|2|0|1|2|
27|26|25|21|17|16|15|14|10|9|6|5|4|3|1|2|0|1|2|0|1|2|0|1|2|0|1|2|0|1|2|0|1|2|0|1|2|0|1|2|0|1|2|0|1|2|0|1|2|0|1|2|0|1|2|0|1|2|0|1|2|0|1|2|0|1|2|0|1|2|0|1|2|0|1|2|0|1|2|0|1|2|0|1|2|0|1|2|0|1|2|0|1|2|0|1|2|0|1|2|
8|5|4|3|1|2|0|1|2|0|1|2|0|1|2|0|1|2|0|1|2|0|1|2|0|1|2|0|1|2|0|1|2|0|1|2|0|1|2|0|1|2|0|1|2|0|1|2|0|1|2|0|1|2|0|1|2|0|1|2|0|1|2|0|1|2|0|1|2|0|1|2|0|1|2|0|1|2|0|1|2|0|1|2|0|1|2|0|1|2|0|1|2|0|1|2|0|1|2|0|
9|6|5|4|3|1|2|0|1|2|0|1|2|0|1|2|0|1|2|0|1|2|0|1|2|0|1|2|0|1|2|0|1|2|0|1|2|0|1|2|0|1|2|0|1|2|0|1|2|0|1|2|0|1|2|0|1|2|0|1|2|0|1|2|0|1|2|0|1|2|0|1|2|0|1|2|0|1|2|0|1|2|0|1|2|0|1|2|0|1|2|0|1|2|0|1|2|0|1|2|
18|14|10|9|6|5|4|3|1|2|0|1|2|0|1|2|0|1|2|0|1|2|0|1|2|0|1|2|0|1|2|0|1|2|0|1|2|0|1|2|0|1|2|0|1|2|0|1|2|0|1|2|0|1|2|0|1|2|0|1|2|0|1|2|0|1|2|0|1|2|0|1|2|0|1|2|0|1|2|0|1|2|0|1|2|0|1|2|0|1|2|0|1|2|0|1|2|0|1|2|
6|5|4|3|1|2|0|1|2|0|1|2|0|1|2|0|1|2|0|1|2|0|1|2|0|1|2|0|1|2|0|1|2|0|1|2|0|1|2|0|1|2|0|1|2|0|1|2|0|1|2|0|1|2|0|1|2|0|1|2|0|1|2|0|1|2|0|1|2|0|1|2|0|1|2|0|1|2|0|1|2|0|1|2|0|1|2|0|1|2|0|1|2|0|1|2|0|1|2|0|
18|14|10|9|6|5|4|3|1|2|0|1|2|0|1|2|0|1|2|0|1|2|0|1|2|0|1|2|0|1|2|0|1|2|0|1|2|0|1|2|0|1|2|0|1|2|0|1|2|0|1|2|0|1|2|0|1|2|0|1|2|0|1|2|0|1|2|0|1|2|0|1|2|0|1|2|0|1|2|0|1|2|0|1|2|0|1|2|0|1|2|0|1|2|0|1|2|0|1|2|
2|1|2|1|2|0|1|2|0|1|2|0|1|2|0|1|2|0|1|2|0|1|2|0|1|2|0|1|2|0|1|2|0|1|2|0|1|2|0|1|2|0|1|2|0|1|2|0|1|2|0|1|2|0|1|2|0|1|2|0|1|2|0|1|2|0|1|2|0|1|2|0|1|2|0|1|2|0|1|2|0|1|2|0|1|2|0|1|2|0|1|2|0|1|2|0|1|2|0|1|
19|18|14|10|9|6|5|4|3|1|2|0|1|2|0|1|2|0|1|2|0|1|2|0|1|2|0|1|2|0|1|2|0|1|2|0|1|2|0|1|2|0|1|2|0|1|2|0|1|2|0|1|2|0|1|2|0|1|2|0|1|2|0|1|2|0|1|2|0|1|2|0|1|2|0|1|2|0|1|2|0|1|2|0|1|2|0|1|2|0|1|2|0|1|2|0|1|2|0|1|
13|12|2|1|2|0|1|2|0|1|2|0|1|2|0|1|2|0|1|2|0|1|2|0|1|2|0|1|2|0|1|2|0|1|2|0|1|2|0|1|2|0|1|2|0|1|2|0|1|2|0|1|2|0|1|2|0|1|2|0|1|2|0|1|2|0|1|2|0|1|2|0|1|2|0|1|2|0|1|2|0|1|2|0|1|2|0|1|2|0|1|2|0|1|2|0|1|2|0|1|
10|9|6|5|4|3|1|2|0|1|2|0|1|2|0|1|2|0|1|2|0|1|2|0|1|2|0|1|2|0|1|2|0|1|2|0|1|2|0|1|2|0|1|2|0|1|2|0|1|2|0|1|2|0|1|2|0|1|2|0|1|2|0|1|2|0|1|2|0|1|2|0|1|2|0|1|2|0|1|2|0|1|2|0|1|2|0|1|2|0|1|2|0|1|2|0|1|2|0|1|
4|3|1|2|0|1|2|0|1|2|0|1|2|0|1|2|0|1|2|0|1|2|0|1|2|0|1|2|0|1|2|0|1|2|0|1|2|0|1|2|0|1|2|0|1|2|0|1|2|0|1|2|0|1|2|0|1|2|0|1|2|0|1|2|0|1|2|0|1|2|0|1|2|0|1|2|0|1|2|0|1|2|0|1|2|0|1|2|0|1|2|0|1|2|0|1|2|0|1|2|
10|9|6|5|4|3|1|2|0|1|2|0|1|2|0|1|2|0|1|2|0|1|2|0|1|2|0|1|2|0|1|2|0|1|2|0|1|2|0|1|2|0|1|2|0|1|2|0|1|2|0|1|2|0|1|2|0|1|2|0|1|2|0|1|2|0|1|2|0|1|2|0|1|2|0|1|2|0|1|2|0|1|2|0|1|2|0|1|2|0|1|2|0|1|2|0|1|2|0|1|
22|8|5|4|3|1|2|0|1|2|0|1|2|0|1|2|0|1|2|0|1|2|0|1|2|0|1|2|0|1|2|0|1|2|0|1|2|0|1|2|0|1|2|0|1|2|0|1|2|0|1|2|0|1|2|0|1|2|0|1|2|0|1|2|0|1|2|0|1|2|0|1|2|0|1|2|0|1|2|0|1|2|0|1|2|0|1|2|0|1|2|0|1|2|0|1|2|0|1|2|
2|1|2|1|2|0|1|2|0|1|2|0|1|2|0|1|2|0|1|2|0|1|2|0|1|2|0|1|2|0|1|2|0|1|2|0|1|2|0|1|2|0|1|2|0|1|2|0|1|2|0|1|2|0|1|2|0|1|2|0|1|2|0|1|2|0|1|2|0|1|2|0|1|2|0|1|2|0|1|2|0|1|2|0|1|2|0|1|2|0|1|2|0|1|2|0|1|2|0|1|
22|8|5|4|3|1|2|0|1|2|0|1|2|0|1|2|0|1|2|0|1|2|0|1|2|0|1|2|0|1|2|0|1|2|0|1|2|0|1|2|0|1|2|0|1|2|0|1|2|0|1|2|0|1|2|0|1|2|0|1|2|0|1|2|0|1|2|0|1|2|0|1|2|0|1|2|0|1|2|0|1|2|0|1|2|0|1|2|0|1|2|0|1|2|0|1|2|0|1|2|
9|6|5|4|3|1|2|0|1|2|0|1|2|0|1|2|0|1|2|0|1|2|0|1|2|0|1|2|0|1|2|0|1|2|0|1|2|0|1|2|0|1|2|0|1|2|0|1|2|0|1|2|0|1|2|0|1|2|0|1|2|0|1|2|0|1|2|0|1|2|0|1|2|0|1|2|0|1|2|0|1|2|0|1|2|0|1|2|0|1|2|0|1|2|0|1|2|0|1|2|
0|1|2|1|2|0|1|2|0|1|2|0|1|2|0|1|2|0|1|2|0|1|2|0|1|2|0|1|2|0|1|2|0|1|2|0|1|2|0|1|2|0|1|2|0|1|2|0|1|2|0|1|2|0|1|2|0|1|2|0|1|2|0|1|2|0|1|2|0|1|2|0|1|2|0|1|2|0|1|2|0|1|2|0|1|2|0|1|2|0|1|2|0|1|2|0|1|2|0|1|
6|5|4|3|1|2|0|1|2|0|1|2|0|1|2|0|1|2|0|1|2|0|1|2|0|1|2|0|1|2|0|1|2|0|1|2|0|1|2|0|1|2|0|1|2|0|1|2|0|1|2|0|1|2|0|1|2|0|1|2|0|1|2|0|1|2|0|1|2|0|1|2|0|1|2|0|1|2|0|1|2|0|1|2|0|1|2|0|1|2|0|1|2|0|1|2|0|1|2|0|
9|6|5|4|3|1|2|0|1|2|0|1|2|0|1|2|0|1|2|0|1|2|0|1|2|0|1|2|0|1|2|0|1|2|0|1|2|0|1|2|0|1|2|0|1|2|0|1|2|0|1|2|0|1|2|0|1|2|0|1|2|0|1|2|0|1|2|0|1|2|0|1|2|0|1|2|0|1|2|0|1|2|0|1|2|0|1|2|0|1|2|0|1|2|0|1|2|0|1|2|
24|7|6|5|4|3|1|2|0|1|2|0|1|2|0|1|2|0|1|2|0|1|2|0|1|2|0|1|2|0|1|2|0|1|2|0|1|2|0|1|2|0|1|2|0|1|2|0|1|2|0|1|2|0|1|2|0|1|2|0|1|2|0|1|2|0|1|2|0|1|2|0|1|2|0|1|2|0|1|2|0|1|2|0|1|2|0|1|2|0|1|2|0|1|2|0|1|2|0|1|
24|7|6|5|4|3|1|2|0|1|2|0|1|2|0|1|2|0|1|2|0|1|2|0|1|2|0|1|2|0|1|2|0|1|2|0|1|2|0|1|2|0|1|2|0|1|2|0|1|2|0|1|2|0|1|2|0|1|2|0|1|2|0|1|2|0|1|2|0|1|2|0|1|2|0|1|2|0|1|2|0|1|2|0|1|2|0|1|2|0|1|2|0|1|2|0|1|2|0|1|
19|18|14|10|9|6|5|4|3|1|2|0|1|2|0|1|2|0|1|2|0|1|2|0|1|2|0|1|2|0|1|2|0|1|2|0|1|2|0|1|2|0|1|2|0|1|2|0|1|2|0|1|2|0|1|2|0|1|2|0|1|2|0|1|2|0|1|2|0|1|2|0|1|2|0|1|2|0|1|2|0|1|2|0|1|2|0|1|2|0|1|2|0|1|2|0|1|2|0|1|
14|10|9|6|5|4|3|1|2|0|1|2|0|1|2|0|1|2|0|1|2|0|1|2|0|1|2|0|1|2|0|1|2|0|1|2|0|1|2|0|1|2|0|1|2|0|1|2|0|1|2|0|1|2|0|1|2|0|1|2|0|1|2|0|1|2|0|1|2|0|1|2|0|1|2|0|1|2|0|1|2|0|1|2|0|1|2|0|1|2|0|1|2|0|1|2|0|1|2|0|
23|22|8|5|4|3|1|2|0|1|2|0|1|2|0|1|2|0|1|2|0|1|2|0|1|2|0|1|2|0|1|2|0|1|2|0|1|2|0|1|2|0|1|2|0|1|2|0|1|2|0|1|2|0|1|2|0|12|11|10|12|11|10|12|11|10|12|11|10|12|11|10|12|11|10|12|11|10|12|11|10|12|11|10|12|11|10|12|11|10|12|11|10|12|11|10|12|11|10|12|
6|7|9|10|12|11|10|12|11|10|12|11|10|12|11|10|12|11|10|12|11|10|12|11|10|12|11|10|12|11|10|12|11|10|12|11|10|12|11|10|12|11|10|12|11|10|12|11|10|12|11|10|12|11|10|12|11|10|12|11|10|12|11|10|12|11|10|12|11|10|12|11|10|12|11|10|12|11|10|12|11|10|12|11|10|12|11|10|12|11|10|12|11|10|12|11|10|12|11|10|
5|6|7|9|10|12|11|10|12|11|10|12|11|10|12|11|10|12|11|10|12|11|10|12|11|10|12|11|10|12|11|10|12|11|10|12|11|10|12|11|10|12|11|10|12|11|10|12|11|10|12|11|10|12|11|10|12|11|10|12|11|10|12|11|10|12|11|10|12|11|10|12|11|10|12|11|10|12|11|10|12|11|10|12|11|10|12|11|10|12|11|10|12|11|10|12|11|10|12|11|
24|22|23|24|22|23|24|22|23|24|22|23|24|22|23|24|22|23|24|22|23|24|22|23|24|22|23|24|22|23|24|22|23|24|22|23|24|22|23|24|22|23|24|22|23|24|22|23|24|22|23|24|22|23|24|22|23|24|22|23|24|22|23|24|22|23|24|22|23|24|22|23|24|22|23|24|22|23|24|22|23|24|22|23|24|22|23|24|22|23|24|22|23|24|22|23|24|22|23|24|
24|22|23|24|22|23|24|22|23|24|22|23|24|22|23|24|22|23|24|22|23|24|22|23|24|22|23|24|22|23|24|22|23|24|22|23|24|22|23|24|22|23|24|22|23|24|22|23|24|22|23|24|22|23|24|22|23|24|22|23|24|22|23|24|22|23|24|22|23|24|22|23|24|22|23|24|22|23|24|22|23|24|22|23|24|22|23|24|22|23|24|22|23|24|22|23|24|22|23|24|
21|24|22|23|24|22|23|24|22|23|24|22|23|24|22|23|24|22|23|24|22|23|24|22|23|24|22|23|24|22|23|24|22|23|24|22|23|24|22|23|24|22|23|24|22|23|24|22|23|24|22|23|24|22|23|24|22|23|24|22|23|24|22|23|24|22|23|24|22|23|24|22|23|24|22|23|24|22|23|24|22|23|24|22|23|24|22|23|24|22|23|24|22|23|24|22|23|24|22|23|
7|9|10|12|11|10|12|11|10|12|11|10|12|11|10|12|11|10|12|11|10|12|11|10|12|11|10|12|11|10|12|11|10|12|11|10|12|11|10|12|11|10|12|11|10|12|11|10|12|11|10|12|11|10|12|11|10|12|11|10|12|11|10|12|11|10|12|11|10|12|11|10|12|11|10|12|11|10|12|11|10|12|11|10|12|11|10|12|11|10|12|11|10|12|11|10|12|11|10|12|
11|10|12|11|10|12|11|10|12|11|10|12|11|10|12|11|10|12|11|10|12|11|10|12|11|10|12|11|10|12|11|10|12|11|10|12|11|10|12|11|10|12|11|10|12|11|10|12|11|10|12|11|10|12|11|10|12|11|10|12|11|10|12|11|10|12|11|10|12|11|10|12|11|10|12|11|10|12|11|10|12|11|10|12|11|10|12|11|10|12|11|10|12|11|10|12|11|10|12|11|
9|10|12|11|10|12|11|10|12|11|10|12|11|10|12|11|10|12|11|10|12|11|10|12|11|10|12|11|10|12|11|10|12|11|10|12|11|10|12|11|10|12|11|10|12|11|10|12|11|10|12|11|10|12|11|10|12|11|10|12|11|10|12|11|10|12|11|10|12|11|10|12|11|10|12|11|10|12|11|10|12|11|10|12|11|10|12|11|10|12|11|10|12|11|10|12|11|10|12|11|
2|6|7|9|10|12|11|10|12|11|10|12|11|10|12|11|10|12|11|10|12|11|10|12|11|10|12|11|10|12|11|10|12|11|10|12|11|10|12|11|10|12|11|10|12|11|10|12|11|10|12|11|10|12|11|10|12|11|10|12|11|10|12|11|10|12|11|10|12|11|10|12|11|10|12|11|10|12|11|10|12|11|10|12|11|10|12|11|10|12|11|10|12|11|10|12|11|10|12|11|
14|15|16|17|21|24|22|23|24|22|23|24|22|23|24|22|23|24|22|23|24|22|23|24|22|23|24|22|23|24|22|23|24|22|23|24|22|23|24|22|23|24|22|23|24|22|23|24|22|23|24|22|23|24|22|23|24|22|23|24|22|23|24|22|23|24|22|23|24|22|23|24|22|23|24|22|23|24|22|23|24|22|23|24|22|23|24|22|23|24|22|23|24|22|23|24|22|23|24|22|
9|10|12|11|10|12|11|10|12|11|10|12|11|10|12|11|10|12|11|10|12|11|10|12|11|10|12|11|10|12|11|10|12|11|10|12|11|10|12|11|10|12|11|10|12|11|10|12|11|10|12|11|10|12|11|10|12|11|10|12|11|10|12|11|10|12|11|10|12|11|10|12|11|10|12|11|10|12|11|10|12|11|10|12|11|10|12|11|10|12|11|10|12|11|10|12|11|10|12|11|
15|16|17|21|24|22|23|24|22|23|24|22|23|24|22|23|24|22|23|24|22|23|24|22|23|24|22|23|24|22|23|24|22|23|24|22|23|24|22|23|24|22|23|24|22|23|24|22|23|24|22|23|24|22|23|24|22|23|24|22|23|24|22|23|24|22|23|24|22|23|24|22|23|24|22|23|24|22|23|24|22|23|24|22|23|24|22|23|24|22|23|24|22|23|24|22|23|24|22|23|
13|14|15|16|17|21|24|22|23|24|22|23|24|22|23|24|22|23|24|22|23|24|22|23|24|22|23|24|22|23|24|22|23|24|22|23|24|22|23|24|22|23|24|22|23|24|22|23|24|22|23|24|22|23|24|22|23|24|22|23|24|22|23|24|22|23|24|22|23|24|22|23|24|22|23|24|22|23|24|22|23|24|22|23|24|22|23|24|22|23|24|22|23|24|22|23|24|22|23|24|
13|14|15|16|17|21|24|22|23|24|22|23|24|22|23|24|22|23|24|22|23|24|22|23|24|22|23|24|22|23|24|22|23|24|22|23|24|22|23|24|22|23|24|22|23|24|22|23|24|22|23|24|22|23|24|22|23|24|22|23|24|22|23|24|22|23|24|22|23|24|22|23|24|22|23|24|22|23|24|22|23|24|22|23|24|22|23|24|22|23|24|22|23|24|22|23|24|22|23|24|
8|7|9|10|12|11|10|12|11|10|12|11|10|12|11|10|12|11|10|12|11|10|12|11|10|12|11|10|12|11|10|12|11|10|12|11|10|12|11|10|12|11|10|12|11|10|12|11|10|12|11|10|12|11|10|12|11|10|12|11|10|12|11|10|12|11|10|12|11|10|12|11|10|12|11|10|12|11|10|12|11|10|12|11|10|12|11|10|12|11|10|12|11|10|12|11|10|12|11|10|
25|26|27|28|0|12|11|10|12|11|10|12|11|10|12|11|10|12|11|10|12|11|10|12|11|10|12|11|10|12|11|10|12|11|10|12|11|10|12|11|10|12|11|10|12|11|10|12|11|10|12|11|10|12|11|10|12|11|10|12|11|10|12|11|10|12|11|10|12|11|10|12|11|10|12|11|10|12|11|10|12|11|10|12|11|10|12|11|10|12|11|10|12|11|10|12|11|10|12|11|
1|3|4|5|6|7|9|10|12|11|10|12|11|10|12|11|10|12|11|10|12|11|10|12|11|10|12|11|10|12|11|10|12|11|10|12|11|10|12|11|10|12|11|10|12|11|10|12|11|10|12|11|10|12|11|10|12|11|10|12|11|10|12|11|10|12|11|10|12|11|10|12|11|10|12|11|10|12|11|10|12|11|10|12|11|10|12|11|10|12|11|10|12|11|10|12|11|10|12|11|
6|7|9|10|12|11|10|12|11|10|12|11|10|12|11|10|12|11|10|12|11|10|12|11|10|12|11|10|12|11|10|12|11|10|12|11|10|12|11|10|12|11|10|12|11|10|12|11|10|12|11|10|12|11|10|12|11|10|12|11|10|12|11|10|12|11|10|12|11|10|12|11|10|12|11|10|12|11|10|12|11|10|12|11|10|12|11|10|12|11|10|12|11|10|12|11|10|12|11|10|
3|4|5|6|7|9|10|12|11|10|12|11|10|12|11|10|12|11|10|12|11|10|12|11|10|12|11|10|12|11|10|12|11|10|12|11|10|12|11|10|12|11|10|12|11|10|12|11|10|12|11|10|12|11|10|12|11|10|12|11|10|12|11|10|12|11|10|12|11|10|12|11|10|12|11|10|12|11|10|12|11|10|12|11|10|12|11|10|12|11|10|12|11|10|12|11|10|12|11|10|
18|19|20|19|0|12|11|10|12|11|10|12|11|10|12|11|10|12|11|10|12|11|10|12|11|10|12|11|10|12|11|10|12|11|10|12|11|10|12|11|10|12|11|10|12|11|10|12|11|10|12|11|10|12|11|10|12|11|10|12|11|10|12|11|10|12|11|10|12|11|10|12|11|10|12|11|10|12|11|10|12|11|10|12|11|10|12|11|10|12|11|10|12|11|10|12|11|10|12|11|
10|12|11|10|12|11|10|12|11|10|12|11|10|12|11|10|12|11|10|12|11|10|12|11|10|12|11|10|12|11|10|12|11|10|12|11|10|12|11|10|12|11|10|12|11|10|12|11|10|12|11|10|12|11|10|12|11|10|12|11|10|12|11|10|12|11|10|12|11|10|12|11|10|12|11|10|12|11|10|12|11|10|12|11|10|12|11|10|12|11|10|12|11|10|12|11|10|12|11|10|
16|17|21|24|22|23|24|22|23|24|22|23|24|22|23|24|22|23|24|22|23|24|22|23|24|22|23|24|22|23|24|22|23|24|22|23|24|22|23|24|22|23|24|22|23|24|22|23|24|22|23|24|22|23|24|22|23|24|22|23|24|22|23|24|22|23|24|22|23|24|22|23|24|22|23|24|22|23|24|22|23|24|22|23|24|22|23|24|22|23|24|22|23|24|22|23|24|22|23|24|
18|19|20|19|0|12|11|10|12|11|10|12|11|10|12|11|10|12|11|10|12|11|10|12|11|10|12|11|10|12|11|10|12|11|10|12|11|10|12|11|10|12|11|10|12|11|10|12|11|10|12|11|10|12|11|10|12|11|10|12|11|10|12|11|10|12|11|10|12|11|10|12|11|10|12|11|10|12|11|10|12|11|10|12|11|10|12|11|10|12|11|10|12|11|10|12|11|10|12|11|
24|22|23|24|22|23|24|22|23|24|22|23|24|22|23|24|22|23|24|22|23|24|22|23|24|22|23|24|22|23|24|22|23|24|22|23|24|22|23|24|22|23|24|22|23|24|22|23|24|22|23|24|22|23|24|22|23|24|22|23|24|22|23|24|22|23|24|22|23|24|22|23|24|22|23|24|22|23|24|22|23|24|22|23|24|22|23|24|22|23|24|22|23|24|22|23|24|22|23|24|
10|12|11|10|12|11|10|12|11|10|12|11|10|12|11|10|12|11|10|12|11|10|12|11|10|12|11|10|12|11|10|12|11|10|12|11|10|12|11|10|12|11|10|12|11|10|12|11|10|12|11|10|12|11|10|12|11|10|12|11|10|12|11|10|12|11|10|12|11|10|12|11|10|12|11|10|12|11|10|12|11|10|12|11|10|12|11|10|12|11|10|12|11|10|12|11|10|12|11|10|
3|4|5|6|7|9|10|12|11|10|12|11|10|12|11|10|12|11|10|12|11|10|12|11|10|12|11|10|12|11|10|12|11|10|12|11|10|12|11|10|12|11|10|12|11|10|12|11|10|12|11|10|12|11|10|12|11|10|12|11|10|12|11|10|12|11|10|12|11|10|12|11|10|12|11|10|12|11|10|12|11|10|12|11|10|12|11|10|12|11|10|12|11|10|12|11|10|12|11|10|
26|27|28|27|0|12|11|10|12|11|10|12|11|10|12|11|10|12|11|10|12|11|10|12|11|10|12|11|10|12|11|10|12|11|10|12|11|10|12|11|10|12|11|10|12|11|10|12|11|10|12|11|10|12|11|10|12|11|10|12|11|10|12|11|10|12|11|10|12|11|10|12|11|10|12|11|10|12|11|10|12|11|10|12|11|10|12|11|10|12|11|10|12|11|10|12|11|10|12|11|
21|24|22|23|24|22|23|24|22|23|24|22|23|24|22|23|24|22|23|24|22|23|24|22|23|24|22|23|24|22|23|24|22|23|24|22|23|24|22|23|24|22|23|24|22|23|24|22|23|24|22|23|24|22|23|24|22|23|24|22|23|24|22|23|24|22|23|24|22|23|24|22|23|24|22|23|24|22|23|24|22|23|24|22|23|24|22|23|24|22|23|24|22|23|24|22|23|24|22|23|
18|19|20|19|0|12|11|10|12|11|10|12|11|10|12|11|10|12|11|10|12|11|10|12|11|10|12|11|10|12|11|10|12|11|10|12|11|10|12|11|10|12|11|10|12|11|10|12|11|10|12|11|10|12|11|10|12|11|10|12|11|10|12|11|10|12|11|10|12|11|10|12|11|10|12|11|10|12|11|10|12|11|10|12|11|10|12|11|10|12|11|10|12|11|10|12|11|10|12|11|
1|3|4|5|6|7|9|10|12|11|10|12|11|10|12|11|10|12|11|10|12|11|10|12|11|10|12|11|10|12|11|10|12|11|10|12|11|10|12|11|10|12|11|10|12|11|10|12|11|10|12|11|10|12|11|10|12|11|10|12|11|10|12|11|10|12|11|10|12|11|10|12|11|10|12|11|10|12|11|10|12|11|10|12|11|10|12|11|10|12|11|10|12|11|10|12|11|10|12|11|
8|7|9|10|12|11|10|12|11|10|12|11|10|12|11|10|12|11|10|12|11|10|12|11|10|12|11|10|12|11|10|12|11|10|12|11|10|12|11|10|12|11|10|12|11|10|12|11|10|12|11|10|12|11|10|12|11|10|12|11|10|12|11|10|12|11|10|12|11|10|12|11|10|12|11|10|12|11|10|12|11|10|12|11|10|12|11|10|12|11|10|12|11|10|12|11|10|12|11|10|
7|9|10|12|11|10|12|11|10|12|11|10|12|11|10|12|11|10|12|11|10|12|11|10|12|11|10|12|11|10|12|11|10|12|11|10|12|11|10|12|11|10|12|11|10|12|11|10|12|11|10|12|11|10|12|11|10|12|11|10|12|11|10|12|11|10|12|11|10|12|11|10|12|11|10|12|11|10|12|11|10|12|11|10|12|11|10|12|11|10|12|11|10|12|11|10|12|11|10|12|
18|19|20|19|0|12|11|10|12|11|10|12|11|10|12|11|10|12|11|10|
19|20|19|20|0|12|11|10|12|11|10|12|11|10|12|11|10|12|11|10|
3|4|5|6|9|10|12|11|10|12|11|10|12|11|10|12|11|10|12|11|
23|24|22|23|24|22|23|24|22|23|24|22|23|24|22|23|24|22|23|24|
2|6|9|10|12|11|10|12|11|10|12|11|10|12|11|10|12|11|10|12|
6|9|10|12|11|10|12|11|10|12|11|10|12|11|10|12|11|10|12|11|
5|6|9|10|12|11|10|12|11|10|12|11|10|12|11|10|12|11|10|12|
8|7|9|10|12|11|10|12|11|10|12|11|10|12|11|10|12|11|10|12|
8|7|9|10|12|11|10|12|11|10|12|11|10|12|11|10|12|11|10|12|
16|17|21|24|22|23|24|22|23|24|22|23|24|22|23|24|22|23|24|22|
12|11|10|12|11|10|12|11|10|12|11|10|12|11|10|12|11|10|12|11|
12|11|10|12|11|10|12|11|10|12|11|10|12|11|10|12|11|10|12|11|
1|3|4|5|6|9|10|12|11|10|12|11|10|12|11|10|12|11|10|12|
5|6|9|10|12|11|10|12|11|10|12|11|10|12|11|10|12|11|10|12|
11|10|12|11|10|12|11|10|12|11|10|12|11|10|12|11|10|12|11|10|
6|9|10|12|11|10|12|11|10|12|11|10|12|11|10|12|11|10|12|11|
17|21|24|22|23|24|22|23|24|22|23|24|22|23|24|22|23|24|22|23|
12|11|10|12|11|10|12|11|10|12|11|10|12|11|10|12|11|10|12|11|
7|9|10|12|11|10|12|11|10|12|11|10|12|11|10|12|11|10|12|11|
18|19|20|19|0|12|11|10|12|11|10|12|11|10|12|11|10|12|11|10|
27|28|27|28|0|12|11|10|12|11|10|12|11|10|12|11|10|12|11|10|
12|11|10|12|11|10|12|11|10|12|11|10|12|11|10|12|11|10|12|11|
18|19|20|19|0|12|11|10|12|11|10|12|11|10|12|11|10|12|11|10|
21|24|22|23|24|22|23|24|22|23|24|22|23|24|22|23|24|22|23|24|
9|10|12|11|10|12|11|10|12|11|10|12|11|10|12|11|10|12|11|10|
25|26|27|28|0|12|11|10|12|11|10|12|11|10|12|11|10|12|11|10|
7|9|10|12|11|10|12|11|10|12|11|10|12|11|10|12|11|10|12|11|
2|6|9|10|12|11|10|12|11|10|12|11|10|12|11|10|12|11|10|12|
26|27|28|27|0|12|11|10|12|11|10|12|11|10|12|11|10|12|11|10|
0|12|11|10|12|11|10|12|11|10|12|11|10|12|11|10|12|11|10|12|
24|22|23|24|22|23|24|22|23|24|22|23|24|22|23|24|22|23|24|22|
9|10|12|11|10|12|11|10|12|11|10|12|11|10|12|11|10|12|11|10|
20|19|20|19|0|12|11|10|12|11|10|12|11|10|12|11|10|12|11|10|
16|17|21|24|22|23|24|22|23|24|22|23|24|22|23|24|22|23|24|22|
17|21|24|22|23|24|22|23|24|22|23|24|22|23|24|22|23|24|22|23|
14|15|16|17|21|24|22|23|24|22|23|24|22|23|24|22|23|24|22|23|
9|10|12|11|10|12|11|10|12|11|10|12|11|10|12|11|10|12|11|10|
7|9|10|12|11|10|12|11|10|12|11|10|12|11|10|12|11|10|12|11|
7|9|10|12|11|10|12|11|10|12|11|10|12|11|10|12|11|10|12|11|
4|5|6|9|10|12|11|10|12|11|10|12|11|10|12|11|10|12|11|10|
13|14|15|16|17|21|24|22|23|24|22|23|24|22|23|24|22|23|24|22|
7|9|10|12|11|10|12|11|10|12|11|10|12|11|10|12|11|10|12|11|
15|16|17|21|24|22|23|24|22|23|24|22|23|24|22|23|24|22|23|24|
18|19|20|19|0|12|11|10|12|11|10|12|11|10|12|11|10|12|11|10|
24|22|23|24|22|23|24|22|23|24|22|23|24|22|23|24|22|23|24|22|
14|15|16|17|21|24|22|23|24|22|23|24|22|23|24|22|23|24|22|23|
2|6|9|10|12|11|10|12|11|10|12|11|10|12|11|10|12|11|10|12|
20|19|20|19|0|12|11|10|12|11|10|12|11|10|12|11|10|12|11|10|
7|9|10|12|11|10|12|11|10|12|11|10|12|11|10|12|11|10|12|11|
24|22|23|24|22|23|24|22|23|24|22|23|24|22|23|24|22|23|24|22|
9|10|12|11|10|12|11|10|12|11|10|12|11|10|12|11|10|12|11|10|
27|28|27|28|0|12|11|10|12|11|10|12|11|10|12|11|10|12|11|10|
15|16|17|21|24|22|23|24|22|23|24|22|23|24|22|23|24|22|23|24|
24|22|23|24|22|23|24|22|23|24|22|23|24|22|23|24|22|23|24|22|
16|17|21|24|22|23|24|22|23|24|22|23|24|22|23|24|22|23|24|22|
5|6|9|10|12|11|10|12|11|10|12|11|10|12|11|10|12|11|10|12|
1|3|4|5|6|9|10|12|11|10|12|11|10|12|11|10|12|11|10|12|
10|12|11|10|12|11|10|12|11|10|12|11|10|12|11|10|12|11|10|12|
13|14|15|16|17|21|24|22|23|24|22|23|24|22|23|24|22|23|24|22|
5|6|9|10|12|11|10|12|11|10|12|11|10|12|11|10|12|11|10|12|
27|28|27|28|0|12|11|10|12|11|10|12|11|10|12|11|10|12|11|10|
3|4|5|6|9|10|12|11|10|12|11|10|12|11|10|12|11|10|12|11|
9|10|12|11|10|12|11|10|12|11|10|12|11|10|12|11|10|12|11|10|
8|7|9|10|12|11|10|12|11|10|12|11|10|12|11|10|12|11|10|12|
19|20|19|20|0|12|11|10|12|11|10|12|11|10|12|11|10|12|11|10|
2|6|9|10|12|11|10|12|11|10|12|11|10|12|11|10|12|11|10|12|
19|20|19|20|0|12|11|10|12|11|10|12|11|10|12|11|10|12|11|10|
12|11|10|12|11|10|12|11|10|12|11|10|12|11|10|12|11|10|12|11|
16|17|21|24|22|23|24|22|23|24|22|23|24|22|23|24|22|23|24|22|
24|22|23|24|22|23|24|22|23|24|22|23|24|22|23|24|22|23|24|22|
25|26|27|28|0|12|11|10|12|11|10|12|11|10|12|11|10|12|11|10|
10|12|11|10|12|11|10|12|11|10|12|11|10|12|11|10|12|11|10|12|
4|5|6|9|10|12|11|10|12|11|10|12|11|10|12|11|10|12|11|10|
2|6|9|10|12|11|10|12|11|10|12|11|10|12|11|10|12|11|10|12|
5|6|9|10|12|11|10|12|11|10|12|11|10|12|11|10|12|11|10|12|
20|19|20|19|0|12|11|10|12|11|10|12|11|10|12|11|10|12|11|10|
25|26|27|28|0|12|11|10|12|11|10|12|11|10|12|11|10|12|11|10|
27|28|27|28|0|12|11|10|12|11|10|12|11|10|12|11|10|12|11|10|
25|26|27|28|0|12|11|10|12|11|10|12|11|10|12|11|10|12|11|10|
23|24|22|23|24|22|23|24|22|23|24|22|23|24|22|23|24|22|23|24|
22|23|24|22|23|24|22|23|24|22|23|24|22|23|24|22|23|24|22|23|
14|15|16|17|21|24|22|23|24|22|23|24|22|23|24|22|23|24|22|23|
23|24|22|23|24|22|23|24|22|23|24|22|23|24|22|23|24|22|23|24|
1|3|4|5|6|9|10|12|11|10|12|11|10|12|11|10|12|11|10|12|
18|19|20|19|0|12|11|10|12|11|10|12|11|10|12|11|10|12|11|10|
25|26|27|28|0|12|11|10|12|11|10|12|11|10|12|11|10|12|11|10|
22|23|24|22|23|24|22|23|24|22|23|24|22|23|24|22|23|24|22|23|
24|22|23|24|22|23|24|22|23|24|22|23|24|22|23|24|22|23|24|22|
0|12|11|10|12|11|10|12|11|10|12|11|10|12|11|10|12|11|10|12|
12|11|10|12|11|10|12|11|10|12|11|10|12|11|10|12|11|10|12|11|
13|14|15|16|17|21|24|22|23|24|22|23|24|22|23|24|22|23|24|22|
26|27|28|27|0|12|11|10|12|11|10|12|11|10|12|11|10|12|11|10|
22|23|24|22|23|24|22|23|24|22|23|24|22|23|24|22|23|24|22|23|
2|6|9|10|12|11|10|12|11|10|12|11|10|12|11|10|12|11|10|12|
4|5|6|9|10|12|11|10|12|11|10|12|11|10|12|11|10|12|11|10|
9|10|12|11|10|12|11|10|12|11|10|12|11|10|12|11|10|12|11|10|
25|26|27|28|0|12|11|10|12|11|10|12|11|10|12|11|10|12|11|10|
7|9|10|12|11|10|12|11|10|12|11|10|12|11|10|12|11|10|12|11|
26|27|28|27|0|12|11|10|12|11|10|12|11|10|12|11|10|12|11|10|
21|24|22|23|24|22|23|24|22|23|24|22|23|24|22|23|24|22|23|24|