13|12|11|10|7|6|5|4|3|2|1|25|0|25|1|2|3|4|5|4|3|2|1|25|0|25|1|2|3|4|5|4|3|2|1|25|0|25|1|2|3|4|5|4|3|2|1|25|0|25|1|2|3|4|5|4|3|2|1|25|0|25|1|2|3|4|5|4|3|2|1|25|0|25|1|2|3|4|5|4|3|2|1|25|0|25|1|2|3|4|5|4|3|2|1|25|0|25|1|2|
50|37|34|32|27|26|14|13|12|11|10|7|6|5|4|3|2|1|25|0|25|1|2|3|4|5|4|3|2|1|25|0|25|1|2|3|4|5|4|3|2|1|25|0|25|1|2|3|4|5|4|3|2|1|25|0|25|1|2|3|4|5|4|3|2|1|25|0|25|1|2|3|4|5|4|3|2|1|25|0|25|1|2|3|4|5|4|3|2|1|25|0|25|1|2|3|4|5|4|3|
10|7|6|5|4|3|2|1|25|0|25|1|2|3|4|5|4|3|2|1|25|0|25|1|2|3|4|5|4|3|2|1|25|0|25|1|2|3|4|5|4|3|2|1|25|0|25|1|2|3|4|5|4|3|2|1|25|0|25|1|2|3|4|5|4|3|2|1|25|0|25|1|2|3|4|5|4|3|2|1|25|0|25|1|2|3|4|5|4|3|2|1|25|0|25|1|2|3|4|5|
53|49|39|36|31|29|28|27|26|14|13|12|11|10|7|6|5|4|3|2|1|25|0|25|1|2|3|4|5|4|3|2|1|25|0|25|1|2|3|4|5|4|3|2|1|25|0|25|1|2|3|4|5|4|3|2|1|25|0|25|1|2|3|4|5|4|3|2|1|25|0|25|1|2|3|4|5|4|3|2|1|25|0|25|1|2|3|4|5|4|3|2|1|25|0|25|1|2|3|4|
15|14|13|12|11|10|7|6|5|4|3|2|1|25|0|25|1|2|3|4|5|4|3|2|1|25|0|25|1|2|3|4|5|4|3|2|1|25|0|25|1|2|3|4|5|4|3|2|1|25|0|25|1|2|3|4|5|4|3|2|1|25|0|25|1|2|3|4|5|4|3|2|1|25|0|25|1|2|3|4|5|4|3|2|1|25|0|25|1|2|3|4|5|4|3|2|1|25|0|25|
38|37|34|32|27|26|14|13|12|11|10|7|6|5|4|3|2|1|25|0|25|1|2|3|4|5|4|3|2|1|25|0|25|1|2|3|4|5|4|3|2|1|25|0|25|1|2|3|4|5|4|3|2|1|25|0|25|1|2|3|4|5|4|3|2|1|25|0|25|1|2|3|4|5|4|3|2|1|25|0|25|1|2|3|4|5|4|3|2|1|25|0|25|1|2|3|4|5|4|3|
3|2|1|25|0|25|1|2|3|4|5|4|3|2|1|25|0|25|1|2|3|4|5|4|3|2|1|25|0|25|1|2|3|4|5|4|3|2|1|25|0|25|1|2|3|4|5|4|3|2|1|25|0|25|1|2|3|4|5|4|3|2|1|25|0|25|1|2|3|4|5|4|3|2|1|25|0|25|1|2|3|4|5|4|3|2|1|25|0|25|1|2|3|4|5|4|3|2|1|25|
15|14|13|12|11|10|7|6|5|4|3|2|1|25|0|25|1|2|3|4|5|4|3|2|1|25|0|25|1|2|3|4|5|4|3|2|1|25|0|25|1|2|3|4|5|4|3|2|1|25|0|25|1|2|3|4|5|4|3|2|1|25|0|25|1|2|3|4|5|4|3|2|1|25|0|25|1|2|3|4|5|4|3|2|1|25|0|25|1|2|3|4|5|4|3|2|1|25|0|25|
41|21|6|5|4|3|2|1|25|0|25|1|2|3|4|5|4|3|2|1|25|0|25|1|2|3|4|5|4|3|2|1|25|0|25|1|2|3|4|5|4|3|2|1|25|0|25|1|2|3|4|5|4|3|2|1|25|0|25|1|2|3|4|5|4|3|2|1|25|0|25|1|2|3|4|5|4|3|2|1|25|0|25|1|2|3|4|5|4|3|2|1|25|0|25|1|2|3|4|5|
57|56|50|37|34|32|27|26|14|13|12|11|10|7|6|5|4|3|2|1|25|0|25|1|2|3|4|5|4|3|2|1|25|0|25|1|2|3|4|5|4|3|2|1|25|0|25|1|2|3|4|5|4|3|2|1|25|0|25|1|2|3|4|5|4|3|2|1|25|0|25|1|2|3|4|5|4|3|2|1|25|0|25|1|2|3|4|5|4|3|2|1|25|0|25|1|2|3|4|5|
11|10|7|6|5|4|3|2|1|25|0|25|1|2|3|4|5|4|3|2|1|25|0|25|1|2|3|4|5|4|3|2|1|25|0|25|1|2|3|4|5|4|3|2|1|25|0|25|1|2|3|4|5|4|3|2|1|25|0|25|1|2|3|4|5|4|3|2|1|25|0|25|1|2|3|4|5|4|3|2|1|25|0|25|1|2|3|4|5|4|3|2|1|25|0|25|1|2|3|4|
49|39|36|31|29|28|27|26|14|13|12|11|10|7|6|5|4|3|2|1|25|0|25|1|2|3|4|5|4|3|2|1|25|0|25|1|2|3|4|5|4|3|2|1|25|0|25|1|2|3|4|5|4|3|2|1|25|0|25|1|2|3|4|5|4|3|2|1|25|0|25|1|2|3|4|5|4|3|2|1|25|0|25|1|2|3|4|5|4|3|2|1|25|0|25|1|2|3|4|5|
56|50|37|34|32|27|26|14|13|12|11|10|7|6|5|4|3|2|1|25|0|25|1|2|3|4|5|4|3|2|1|25|0|25|1|2|3|4|5|4|3|2|1|25|0|25|1|2|3|4|5|4|3|2|1|25|0|25|1|2|3|4|5|4|3|2|1|25|0|25|1|2|3|4|5|4|3|2|1|25|0|25|1|2|3|4|5|4|3|2|1|25|0|25|1|2|3|4|5|4|
7|6|5|4|3|2|1|25|0|25|1|2|3|4|5|4|3|2|1|25|0|25|1|2|3|4|5|4|3|2|1|25|0|25|1|2|3|4|5|4|3|2|1|25|0|25|1|2|3|4|5|4|3|2|1|25|0|25|1|2|3|4|5|4|3|2|1|25|0|25|1|2|3|4|5|4|3|2|1|25|0|25|1|2|3|4|5|4|3|2|1|25|0|25|1|2|3|4|5|4|
36|31|29|28|27|26|14|13|12|11|10|7|6|5|4|3|2|1|25|0|25|1|2|3|4|5|4|3|2|1|25|0|25|1|2|3|4|5|4|3|2|1|25|0|25|1|2|3|4|5|4|3|2|1|25|0|25|1|2|3|4|5|4|3|2|1|25|0|25|1|2|3|4|5|4|3|2|1|25|0|25|1|2|3|4|5|4|3|2|1|25|0|25|1|2|3|4|5|4|3|
5|4|3|2|1|25|0|25|1|2|3|4|5|4|3|2|1|25|0|25|1|2|3|4|5|4|3|2|1|25|0|25|1|2|3|4|5|4|3|2|1|25|0|25|1|2|3|4|5|4|3|2|1|25|0|25|1|2|3|4|5|4|3|2|1|25|0|25|1|2|3|4|5|4|3|2|1|25|0|25|1|2|3|4|5|4|3|2|1|25|0|25|1|2|3|4|5|4|3|2|
47|45|42|41|21|6|5|4|3|2|1|25|0|25|1|2|3|4|5|4|3|2|1|25|0|25|1|2|3|4|5|4|3|2|1|25|0|25|1|2|3|4|5|4|3|2|1|25|0|25|1|2|3|4|5|4|3|2|1|25|0|25|1|2|3|4|5|4|3|2|1|25|0|25|1|2|3|4|5|4|3|2|1|25|0|25|1|2|3|4|5|4|3|2|1|25|0|25|1|2|
58|57|56|50|37|34|32|27|26|14|13|12|11|10|7|6|5|4|3|2|1|25|0|25|1|2|3|4|5|4|3|2|1|25|0|25|1|2|3|4|5|4|3|2|1|25|0|25|1|2|3|4|5|4|3|2|1|25|0|25|1|2|3|4|5|4|3|2|1|25|0|25|1|2|3|4|5|4|3|2|1|25|0|25|1|2|3|4|5|4|3|2|1|25|0|25|1|2|3|4|
48|39|36|31|29|28|27|26|14|13|12|11|10|7|6|5|4|3|2|1|25|0|25|1|2|3|4|5|4|3|2|1|25|0|25|1|2|3|4|5|4|3|2|1|25|0|25|1|2|3|4|5|4|3|2|1|25|0|25|1|2|3|4|5|4|3|2|1|25|0|25|1|2|3|4|5|4|3|2|1|25|0|25|1|2|3|4|5|4|3|2|1|25|0|25|1|2|3|4|5|
33|31|29|28|27|26|14|13|12|11|10|7|6|5|4|3|2|1|25|0|25|1|2|3|4|5|4|3|2|1|25|0|25|1|2|3|4|5|4|3|2|1|25|0|25|1|2|3|4|5|4|3|2|1|25|0|25|1|2|3|4|5|4|3|2|1|25|0|25|1|2|3|4|5|4|3|2|1|25|0|25|1|2|3|4|5|4|3|2|1|25|0|25|1|2|3|4|5|4|3|
21|6|5|4|3|2|1|25|0|25|1|2|3|4|5|4|3|2|1|25|0|25|1|2|3|4|5|4|3|2|1|25|0|25|1|2|3|4|5|4|3|2|1|25|0|25|1|2|3|4|5|4|3|2|1|25|0|25|1|2|3|4|5|4|3|2|1|25|0|25|1|2|3|4|5|4|3|2|1|25|0|25|1|2|3|4|5|4|3|2|1|25|0|25|1|2|3|4|5|4|
54|49|39|36|31|29|28|27|26|14|13|12|11|10|7|6|5|4|3|2|1|25|0|25|1|2|3|4|5|4|3|2|1|25|0|25|1|2|3|4|5|4|3|2|1|25|0|25|1|2|3|4|5|4|3|2|1|25|0|25|1|2|3|4|5|4|3|2|1|25|0|25|1|2|3|4|5|4|3|2|1|25|0|25|1|2|3|4|5|4|3|2|1|25|0|25|1|2|3|4|
4|3|2|1|25|0|25|1|2|3|4|5|4|3|2|1|25|0|25|1|2|3|4|5|4|3|2|1|25|0|25|1|2|3|4|5|4|3|2|1|25|0|25|1|2|3|4|5|4|3|2|1|25|0|25|1|2|3|4|5|4|3|2|1|25|0|25|1|2|3|4|5|4|3|2|1|25|0|25|1|2|3|4|5|4|3|2|1|25|0|25|1|2|3|4|5|4|3|2|1|
15|14|13|12|11|10|7|6|5|4|3|2|1|25|0|25|1|2|3|4|5|4|3|2|1|25|0|25|1|2|3|4|5|4|3|2|1|25|0|25|1|2|3|4|5|4|3|2|1|25|0|25|1|2|3|4|5|4|3|2|1|25|0|25|1|2|3|4|5|4|3|2|1|25|0|25|1|2|3|4|5|4|3|2|1|25|0|25|1|2|3|4|5|4|3|2|1|25|0|25|
1|2|3|4|5|4|3|2|1|25|0|25|1|2|3|4|5|4|3|2|1|25|0|25|1|2|3|4|5|4|3|2|1|25|0|25|1|2|3|4|5|4|3|2|1|25|0|25|1|2|3|4|5|4|3|2|1|25|0|25|1|2|3|4|5|4|3|2|1|25|0|25|1|2|3|4|5|4|3|2|1|25|0|25|1|2|3|4|5|4|3|2|1|25|0|25|1|2|3|4|
58|57|56|50|37|34|32|27|26|14|13|12|11|10|7|6|5|4|3|2|1|25|0|25|1|2|3|4|5|4|3|2|1|25|0|25|1|2|3|4|5|4|3|2|1|25|0|25|1|2|3|4|5|4|3|2|1|25|0|25|1|2|3|4|5|4|3|2|1|25|0|25|1|2|3|4|5|4|3|2|1|25|0|25|1|2|3|4|5|4|3|2|1|25|0|25|1|2|3|4|
19|7|6|5|4|3|2|1|25|0|25|1|2|3|4|5|4|3|2|1|25|0|25|1|2|3|4|5|4|3|2|1|25|0|25|1|2|3|4|5|4|3|2|1|25|0|25|1|2|3|4|5|4|3|2|1|25|0|25|1|2|3|4|5|4|3|2|1|25|0|25|1|2|3|4|5|4|3|2|1|25|0|25|1|2|3|4|5|4|3|2|1|25|0|25|1|2|3|4|5|
9|10|7|6|5|4|3|2|1|25|0|25|1|2|3|4|5|4|3|2|1|25|0|25|1|2|3|4|5|4|3|2|1|25|0|25|1|2|3|4|5|4|3|2|1|25|0|25|1|2|3|4|5|4|3|2|1|25|0|25|1|2|3|4|5|4|3|2|1|25|0|25|1|2|3|4|5|4|3|2|1|25|0|25|1|2|3|4|5|4|3|2|1|25|0|25|1|2|3|4|
40|29|28|27|26|14|13|12|11|10|7|6|5|4|3|2|1|25|0|25|1|2|3|4|5|4|3|2|1|25|0|25|1|2|3|4|5|4|3|2|1|25|0|25|1|2|3|4|5|4|3|2|1|25|0|25|1|2|3|4|5|4|3|2|1|25|0|25|1|2|3|4|5|4|3|2|1|25|0|25|1|2|3|4|5|4|3|2|1|25|0|25|1|2|3|4|5|4|3|2|
21|6|5|4|3|2|1|25|0|25|1|2|3|4|5|4|3|2|1|25|0|25|1|2|3|4|5|4|3|2|1|25|0|25|1|2|3|4|5|4|3|2|1|25|0|25|1|2|3|4|5|4|3|2|1|25|0|25|1|2|3|4|5|4|3|2|1|25|0|25|1|2|3|4|5|4|3|2|1|25|0|25|1|2|3|4|5|4|3|2|1|25|0|25|1|2|3|4|5|4|
16|11|10|7|6|5|4|3|2|1|25|0|25|1|2|3|4|5|4|3|2|1|25|0|25|1|2|3|4|5|4|3|2|1|25|0|25|1|2|3|4|5|4|3|2|1|25|0|25|1|2|3|4|5|4|3|2|1|25|0|25|1|2|3|4|5|4|3|2|1|25|0|25|1|2|3|4|5|4|3|2|1|25|0|25|1|2|3|4|5|4|3|2|1|25|0|25|1|2|3|
35|34|32|27|26|14|13|12|11|10|7|6|5|4|3|2|1|25|0|25|1|2|3|4|5|4|3|2|1|25|0|25|1|2|3|4|5|4|3|2|1|25|0|25|1|2|3|4|5|4|3|2|1|25|0|25|1|2|3|4|5|4|3|2|1|25|0|25|1|2|3|4|5|4|3|2|1|25|0|25|1|2|3|4|5|4|3|2|1|25|0|25|1|2|3|4|5|4|3|2|
51|49|39|36|31|29|28|27|26|14|13|12|11|10|7|6|5|4|3|2|1|25|0|25|1|2|3|4|5|4|3|2|1|25|0|25|1|2|3|4|5|4|3|2|1|25|0|25|1|2|3|4|5|4|3|2|1|25|0|25|1|2|3|4|5|4|3|2|1|25|0|25|1|2|3|4|5|4|3|2|1|25|0|25|1|2|3|4|5|4|3|2|1|25|0|25|1|2|3|4|
12|11|10|7|6|5|4|3|2|1|25|0|25|1|2|3|4|5|4|3|2|1|25|0|25|1|2|3|4|5|4|3|2|1|25|0|25|1|2|3|4|5|4|3|2|1|25|0|25|1|2|3|4|5|4|3|2|1|25|0|25|1|2|3|4|5|4|3|2|1|25|0|25|1|2|3|4|5|4|3|2|1|25|0|25|1|2|3|4|5|4|3|2|1|25|0|25|1|2|3|
53|49|39|36|31|29|28|27|26|14|13|12|11|10|7|6|5|4|3|2|1|25|0|25|1|2|3|4|5|4|3|2|1|25|0|25|1|2|3|4|5|4|3|2|1|25|0|25|1|2|3|4|5|4|3|2|1|25|0|25|1|2|3|4|5|4|3|2|1|25|0|25|1|2|3|4|5|4|3|2|1|25|0|25|1|2|3|4|5|4|3|2|1|25|0|25|1|2|3|4|
1|2|3|4|5|4|3|2|1|25|0|25|1|2|3|4|5|4|3|2|1|25|0|25|1|2|3|4|5|4|3|2|1|25|0|25|1|2|3|4|5|4|3|2|1|25|0|25|1|2|3|4|5|4|3|2|1|25|0|25|1|2|3|4|5|4|3|2|1|25|0|25|1|2|3|4|5|4|3|2|1|25|0|25|1|2|3|4|5|4|3|2|1|25|0|25|1|2|3|4|
38|37|34|32|27|26|14|13|12|11|10|7|6|5|4|3|2|1|25|0|25|1|2|3|4|5|4|3|2|1|25|0|25|1|2|3|4|5|4|3|2|1|25|0|25|1|2|3|4|5|4|3|2|1|25|0|25|1|2|3|4|5|4|3|2|1|25|0|25|1|2|3|4|5|4|3|2|1|25|0|25|1|2|3|4|5|4|3|2|1|25|0|25|1|2|3|4|5|4|3|
8|7|6|5|4|3|2|1|25|0|25|1|2|3|4|5|4|3|2|1|25|0|25|1|2|3|4|5|4|3|2|1|25|0|25|1|2|3|4|5|4|3|2|1|25|0|25|1|2|3|4|5|4|3|2|1|25|0|25|1|2|3|4|5|4|3|2|1|25|0|25|1|2|3|4|5|4|3|2|1|25|0|25|1|2|3|4|5|4|3|2|1|25|0|25|1|2|3|4|5|
1|2|3|4|5|4|3|2|1|25|0|25|1|2|3|4|5|4|3|2|1|25|0|25|1|2|3|4|5|4|3|2|1|25|0|25|1|2|3|4|5|4|3|2|1|25|0|25|1|2|3|4|5|4|3|2|1|25|0|25|1|2|3|4|5|4|3|2|1|25|0|25|1|2|3|4|5|4|3|2|1|25|0|25|1|2|3|4|5|4|3|2|1|25|0|25|1|2|3|4|
48|39|36|31|29|28|27|26|14|13|12|11|10|7|6|5|4|3|2|1|25|0|25|1|2|3|4|5|4|3|2|1|25|0|25|1|2|3|4|5|4|3|2|1|25|0|25|1|2|3|4|5|4|3|2|1|25|0|25|1|2|3|4|5|4|3|2|1|25|0|25|1|2|3|4|5|4|3|2|1|25|0|25|1|2|3|4|5|4|3|2|1|25|0|25|1|2|3|4|5|
21|6|5|4|3|2|1|25|0|25|1|2|3|4|5|4|3|2|1|25|0|25|1|2|3|4|5|4|3|2|1|25|0|25|1|2|3|4|5|4|3|2|1|25|0|25|1|2|3|4|5|4|3|2|1|25|0|25|1|2|3|4|5|4|3|2|1|25|0|25|1|2|3|4|5|4|3|2|1|25|0|25|1|2|3|4|5|4|3|2|1|25|0|25|1|2|3|4|5|4|
34|32|27|26|14|13|12|11|10|7|6|5|4|3|2|1|25|0|25|1|2|3|4|5|4|3|2|1|25|0|25|1|2|3|4|5|4|3|2|1|25|0|25|1|2|3|4|5|4|3|2|1|25|0|25|1|2|3|4|5|4|3|2|1|25|0|25|1|2|3|4|5|4|3|2|1|25|0|25|1|2|3|4|5|4|3|2|1|25|0|25|1|2|3|4|5|4|3|2|1|
36|31|29|28|27|26|14|13|12|11|10|7|6|5|4|3|2|1|25|0|25|1|2|3|4|5|4|3|2|1|25|0|25|1|2|3|4|5|4|3|2|1|25|0|25|1|2|3|4|5|4|3|2|1|25|0|25|1|2|3|4|5|4|3|2|1|25|0|25|1|2|3|4|5|4|3|2|1|25|0|25|1|2|3|4|5|4|3|2|1|25|0|25|1|2|3|4|5|4|3|
6|5|4|3|2|1|25|0|25|1|2|3|4|5|4|3|2|1|25|0|25|1|2|3|4|5|4|3|2|1|25|0|25|1|2|3|4|5|4|3|2|1|25|0|25|1|2|3|4|5|4|3|2|1|25|0|25|1|2|3|4|5|4|3|2|1|25|0|25|1|2|3|4|5|4|3|2|1|25|0|25|1|2|3|4|5|4|3|2|1|25|0|25|1|2|3|4|5|4|3|
56|50|37|34|32|27|26|14|13|12|11|10|7|6|5|4|3|2|1|25|0|25|1|2|3|4|5|4|3|2|1|25|0|25|1|2|3|4|5|4|3|2|1|25|0|25|1|2|3|4|5|4|3|2|1|25|0|25|1|2|3|4|5|4|3|2|1|25|0|25|1|2|3|4|5|4|3|2|1|25|0|25|1|2|3|4|5|4|3|2|1|25|0|25|1|2|3|4|5|4|
23|5|4|3|2|1|25|0|25|1|2|3|4|5|4|3|2|1|25|0|25|1|2|3|4|5|4|3|2|1|25|0|25|1|2|3|4|5|4|3|2|1|25|0|25|1|2|3|4|5|4|3|2|1|25|0|25|1|2|3|4|5|4|3|2|1|25|0|25|1|2|3|4|5|4|3|2|1|25|0|25|1|2|3|4|5|4|3|2|1|25|0|25|1|2|3|4|5|4|3|
41|21|6|5|4|3|2|1|25|0|25|1|2|3|4|5|4|3|2|1|25|0|25|1|2|3|4|5|4|3|2|1|25|0|25|1|2|3|4|5|4|3|2|1|25|0|25|1|2|3|4|5|4|3|2|1|25|0|25|1|2|3|4|5|4|3|2|1|25|0|25|1|2|3|4|5|4|3|2|1|25|0|25|1|2|3|4|5|4|3|2|1|25|0|25|1|2|3|4|5|
1|2|3|4|5|4|3|2|1|25|0|25|1|2|3|4|5|4|3|2|1|25|0|25|1|2|3|4|5|4|3|2|1|25|0|25|1|2|3|4|5|4|3|2|1|25|0|25|1|2|3|4|5|4|3|2|1|25|0|25|1|2|3|4|5|4|3|2|1|25|0|25|1|2|3|4|5|4|3|2|1|25|0|25|1|2|3|4|5|4|3|2|1|25|0|25|1|2|3|4|
48|39|36|31|29|28|27|26|14|13|12|11|10|7|6|5|4|3|2|1|25|0|25|1|2|3|4|5|4|3|2|1|25|0|25|1|2|3|4|5|4|3|2|1|25|0|25|1|2|3|4|5|4|3|2|1|25|0|25|1|2|3|4|5|4|3|2|1|25|0|25|1|2|3|4|5|4|3|2|1|25|0|25|1|2|3|4|5|4|3|2|1|25|0|25|1|2|3|4|5|
6|5|4|3|2|1|25|0|25|1|2|3|4|5|4|3|2|1|25|0|25|1|2|3|4|5|4|3|2|1|25|0|25|1|2|3|4|5|4|3|2|1|25|0|25|1|2|3|4|5|4|3|2|1|25|0|25|1|2|3|4|5|4|3|2|1|25|0|25|1|2|3|4|5|4|3|2|1|25|0|25|1|2|3|4|5|4|3|2|1|25|0|25|1|2|3|4|5|4|3|
39|36|31|29|28|27|26|14|13|12|11|10|7|6|5|4|3|2|1|25|0|25|1|2|3|4|5|4|3|2|1|25|0|25|1|2|3|4|5|4|3|2|1|25|0|25|1|2|3|4|5|4|3|2|1|25|0|25|1|2|3|4|5|4|3|2|1|25|0|25|1|2|3|4|5|4|3|2|1|25|0|25|1|2|3|4|5|4|3|2|1|25|0|25|1|2|3|4|5|4|
36|31|29|28|27|26|14|13|12|11|10|7|6|5|4|3|2|1|25|0|25|1|2|3|4|5|4|3|2|1|25|0|25|1|2|3|4|5|4|3|2|1|25|0|25|1|2|3|4|5|4|3|2|1|25|0|25|1|2|3|4|5|4|3|2|1|25|0|25|1|2|3|4|5|4|3|2|1|25|0|25|1|2|3|4|5|4|3|2|1|25|0|25|1|2|3|4|5|4|3|
43|31|29|28|27|26|14|13|12|11|10|7|6|5|4|3|2|1|25|0|25|1|2|3|4|5|4|3|2|1|25|0|25|1|2|3|4|5|4|3|2|1|25|0|25|1|2|3|4|5|4|3|2|1|25|0|25|1|2|3|4|5|4|3|2|1|25|0|25|1|2|3|4|5|4|3|2|1|25|0|25|1|2|3|4|5|4|3|2|1|25|0|25|1|2|3|4|5|4|3|
17|10|7|6|5|4|3|2|1|25|0|25|1|2|3|4|5|4|3|2|1|25|0|25|1|2|3|4|5|4|3|2|1|25|0|25|1|2|3|4|5|4|3|2|1|25|0|25|1|2|3|4|5|4|3|2|1|25|0|25|1|2|3|4|5|4|3|2|1|25|0|25|1|2|3|4|5|4|3|2|1|25|0|25|1|2|3|4|5|4|3|2|1|25|0|25|1|2|3|4|
47|45|42|41|21|6|5|4|3|2|1|25|0|25|1|2|3|4|5|4|3|2|1|25|0|25|1|2|3|4|5|4|3|2|1|25|0|25|1|2|3|4|5|4|3|2|1|25|0|25|1|2|3|4|5|4|3|2|1|25|0|25|1|2|3|4|5|4|3|2|1|25|0|25|1|2|3|4|5|4|3|2|1|25|0|25|1|2|3|4|5|4|3|2|1|25|0|25|1|2|
54|49|39|36|31|29|28|27|26|14|13|12|11|10|7|6|5|4|3|2|1|25|0|25|1|2|3|4|5|4|3|2|1|25|0|25|1|2|3|4|5|4|3|2|1|25|0|25|1|2|3|4|5|4|3|2|1|25|0|25|1|2|3|4|5|4|3|2|1|25|0|25|1|2|3|4|5|4|3|2|1|25|0|25|1|2|3|4|5|4|3|2|1|25|0|25|1|2|3|4|
52|47|45|42|41|21|6|5|4|3|2|1|25|0|25|1|2|3|4|5|4|3|2|1|25|0|25|1|2|3|4|5|4|3|2|1|25|0|25|1|2|3|4|5|4|3|2|1|25|0|25|1|2|3|4|5|4|3|2|1|25|0|25|1|2|3|4|5|4|3|2|1|25|0|25|1|2|3|4|5|4|3|2|1|25|0|25|1|2|3|4|5|4|3|2|1|25|0|25|1|
15|14|13|12|11|10|7|6|5|4|3|2|1|25|0|25|1|2|3|4|5|4|3|2|1|25|0|25|1|2|3|4|5|4|3|2|1|25|0|25|1|2|3|4|5|4|3|2|1|25|0|25|1|2|3|4|5|4|3|2|1|25|0|25|1|2|3|4|5|4|3|2|1|25|0|25|1|2|3|4|5|4|3|2|1|25|0|25|1|2|3|4|5|4|3|2|1|25|0|25|
19|7|6|5|4|3|2|1|25|0|25|1|2|3|4|5|4|3|2|1|25|0|25|1|2|3|4|5|4|3|2|1|25|0|25|1|2|3|4|5|4|3|2|1|25|0|25|1|2|3|4|5|4|3|2|1|25|0|25|1|2|3|4|5|4|3|2|1|25|0|25|1|2|3|4|5|4|3|2|1|25|0|25|1|2|3|4|5|4|3|2|1|25|0|25|1|2|3|4|5|
52|47|45|42|41|21|6|5|4|3|2|1|25|0|25|1|2|3|4|5|4|3|2|1|25|0|25|1|2|3|4|5|4|3|2|1|25|0|25|1|2|3|4|5|4|3|2|1|25|0|25|1|2|3|4|5|4|3|2|1|25|0|25|1|2|3|4|5|4|3|2|1|25|0|25|1|2|3|4|5|4|3|2|1|25|0|25|1|2|3|4|5|4|3|2|1|25|0|25|1|
33|31|29|28|27|26|14|13|12|11|10|7|6|5|4|3|2|1|25|0|25|1|2|3|4|5|4|3|2|1|25|0|25|1|2|3|4|5|4|3|2|1|25|0|25|1|2|3|4|5|4|3|2|1|25|0|25|1|2|3|4|5|4|3|4|5|6|7|10|11|12|13|14|15|16|15|16|15|16|15|16|15|16|15|16|15|16|15|16|15|16|15|16|15|16|15|16|15|16|15|
21|23|21|23|21|23|21|23|21|23|21|23|21|23|21|23|21|23|21|23|21|23|21|23|21|23|21|23|21|23|21|23|21|23|21|23|21|23|21|23|21|23|21|23|21|23|21|23|21|23|21|23|21|23|21|23|21|23|21|23|21|23|21|23|21|23|21|23|21|23|21|23|21|23|21|23|21|23|21|23|21|23|21|23|21|23|21|23|21|23|21|23|21|23|21|23|21|23|21|23|
41|40|41|40|41|40|41|40|41|40|41|40|41|40|41|40|41|40|41|40|41|40|41|40|41|40|41|40|41|40|41|40|41|40|41|40|41|40|41|40|41|40|41|40|41|40|41|40|41|40|41|40|41|40|41|40|41|40|41|40|41|40|41|40|41|40|41|40|41|40|41|40|41|40|41|40|41|40|41|40|41|40|41|40|41|40|41|40|41|40|41|40|41|40|41|40|41|40|41|40|
51|50|51|50|51|50|51|50|51|50|51|50|51|50|51|50|51|50|51|50|51|50|51|50|51|50|51|50|51|50|51|50|51|50|51|50|51|50|51|50|51|50|51|50|51|50|51|50|51|50|51|50|51|50|51|50|51|50|51|50|51|50|51|50|51|50|51|50|51|50|51|50|51|50|51|50|51|50|51|50|51|50|51|50|51|50|51|50|51|50|51|50|51|50|51|50|51|50|51|50|
15|16|15|16|15|16|15|16|15|16|15|16|15|16|15|16|15|16|15|16|15|16|15|16|15|16|15|16|15|16|15|16|15|16|15|16|15|16|15|16|15|16|15|16|15|16|15|16|15|16|15|16|15|16|15|16|15|16|15|16|15|16|15|16|15|16|15|16|15|16|15|16|15|16|15|16|15|16|15|16|15|16|15|16|15|16|15|16|15|16|15|16|15|16|15|16|15|16|15|16|
6|7|10|11|12|13|14|15|16|15|16|15|16|15|16|15|16|15|16|15|16|15|16|15|16|15|16|15|16|15|16|15|16|15|16|15|16|15|16|15|16|15|16|15|16|15|16|15|16|15|16|15|16|15|16|15|16|15|16|15|16|15|16|15|16|15|16|15|16|15|16|15|16|15|16|15|16|15|16|15|16|15|16|15|16|15|16|15|16|15|16|15|16|15|16|15|16|15|16|15|
54|55|56|55|56|55|56|55|56|55|56|55|56|55|56|55|56|55|56|55|56|55|56|55|56|55|56|55|56|55|56|55|56|55|56|55|56|55|56|55|56|55|56|55|56|55|56|55|56|55|56|55|56|55|56|55|56|55|56|55|56|55|56|55|56|55|56|55|56|55|56|55|56|55|56|55|56|55|56|55|56|55|56|55|56|55|56|55|56|55|56|55|56|55|56|55|56|55|56|55|
42|43|42|43|42|43|42|43|42|43|42|43|42|43|42|43|42|43|42|43|42|43|42|43|42|43|42|43|42|43|42|43|42|43|42|43|42|43|42|43|42|43|42|43|42|43|42|43|42|43|42|43|42|43|42|43|42|43|42|43|42|43|42|43|42|43|42|43|42|43|42|43|42|43|42|43|42|43|42|43|42|43|42|43|42|43|42|43|42|43|42|43|42|43|42|43|42|43|42|43|
4|5|6|7|10|11|12|13|14|15|16|15|16|15|16|15|16|15|16|15|16|15|16|15|16|15|16|15|16|15|16|15|16|15|16|15|16|15|16|15|16|15|16|15|16|15|16|15|16|15|16|15|16|15|16|15|16|15|16|15|16|15|16|15|16|15|16|15|16|15|16|15|16|15|16|15|16|15|16|15|16|15|16|15|16|15|16|15|16|15|16|15|16|15|16|15|16|15|16|15|
9|10|11|12|13|14|15|16|15|16|15|16|15|16|15|16|15|16|15|16|15|16|15|16|15|16|15|16|15|16|15|16|15|16|15|16|15|16|15|16|15|16|15|16|15|16|15|16|15|16|15|16|15|16|15|16|15|16|15|16|15|16|15|16|15|16|15|16|15|16|15|16|15|16|15|16|15|16|15|16|15|16|15|16|15|16|15|16|15|16|15|16|15|16|15|16|15|16|15|16|
50|51|50|51|50|51|50|51|50|51|50|51|50|51|50|51|50|51|50|51|50|51|50|51|50|51|50|51|50|51|50|51|50|51|50|51|50|51|50|51|50|51|50|51|50|51|50|51|50|51|50|51|50|51|50|51|50|51|50|51|50|51|50|51|50|51|50|51|50|51|50|51|50|51|50|51|50|51|50|51|50|51|50|51|50|51|50|51|50|51|50|51|50|51|50|51|50|51|50|51|
47|48|47|48|47|48|47|48|47|48|47|48|47|48|47|48|47|48|47|48|47|48|47|48|47|48|47|48|47|48|47|48|47|48|47|48|47|48|47|48|47|48|47|48|47|48|47|48|47|48|47|48|47|48|47|48|47|48|47|48|47|48|47|48|47|48|47|48|47|48|47|48|47|48|47|48|47|48|47|48|47|48|47|48|47|48|47|48|47|48|47|48|47|48|47|48|47|48|47|48|
44|45|44|45|44|45|44|45|44|45|44|45|44|45|44|45|44|45|44|45|44|45|44|45|44|45|44|45|44|45|44|45|44|45|44|45|44|45|44|45|44|45|44|45|44|45|44|45|44|45|44|45|44|45|44|45|44|45|44|45|44|45|44|45|44|45|44|45|44|45|44|45|44|45|44|45|44|45|44|45|44|45|44|45|44|45|44|45|44|45|44|45|44|45|44|45|44|45|44|45|
1|25|1|25|1|25|1|25|1|25|1|25|1|25|1|25|1|25|1|25|1|25|1|25|1|25|1|25|1|25|1|25|1|25|1|25|1|25|1|25|1|25|1|25|1|25|1|25|1|25|1|25|1|25|1|25|1|25|1|25|1|25|1|25|1|25|1|25|1|25|1|25|1|25|1|25|1|25|1|25|1|25|1|25|1|25|1|25|1|25|1|25|1|25|1|25|1|25|1|25|
20|19|20|19|20|19|20|19|20|19|20|19|20|19|20|19|20|19|20|19|20|19|20|19|20|19|20|19|20|19|20|19|20|19|20|19|20|19|20|19|20|19|20|19|20|19|20|19|20|19|20|19|20|19|20|19|20|19|20|19|20|19|20|19|20|19|20|19|20|19|20|19|20|19|20|19|20|19|20|19|20|19|20|19|20|19|20|19|20|19|20|19|20|19|20|19|20|19|20|19|
39|48|47|48|47|48|47|48|47|48|47|48|47|48|47|48|47|48|47|48|47|48|47|48|47|48|47|48|47|48|47|48|47|48|47|48|47|48|47|48|47|48|47|48|47|48|47|48|47|48|47|48|47|48|47|48|47|48|47|48|47|48|47|48|47|48|47|48|47|48|47|48|47|48|47|48|47|48|47|48|47|48|47|48|47|48|47|48|47|48|47|48|47|48|47|48|47|48|47|48|
38|39|48|47|48|47|48|47|48|47|48|47|48|47|48|47|48|47|48|47|48|47|48|47|48|47|48|47|48|47|48|47|48|47|48|47|48|47|48|47|48|47|48|47|48|47|48|47|48|47|48|47|48|47|48|47|48|47|48|47|48|47|48|47|48|47|48|47|48|47|48|47|48|47|48|47|48|47|48|47|48|47|48|47|48|47|48|47|48|47|48|47|48|47|48|47|48|47|48|47|
54|55|56|55|56|55|56|55|56|55|56|55|56|55|56|55|56|55|56|55|56|55|56|55|56|55|56|55|56|55|56|55|56|55|56|55|56|55|56|55|56|55|56|55|56|55|56|55|56|55|56|55|56|55|56|55|56|55|56|55|56|55|56|55|56|55|56|55|56|55|56|55|56|55|56|55|56|55|56|55|56|55|56|55|56|55|56|55|56|55|56|55|56|55|56|55|56|55|56|55|
3|4|5|6|7|10|11|12|13|14|15|16|15|16|15|16|15|16|15|16|15|16|15|16|15|16|15|16|15|16|15|16|15|16|15|16|15|16|15|16|15|16|15|16|15|16|15|16|15|16|15|16|15|16|15|16|15|16|15|16|15|16|15|16|15|16|15|16|15|16|15|16|15|16|15|16|15|16|15|16|15|16|15|16|15|16|15|16|15|16|15|16|15|16|15|16|15|16|15|16|
54|55|56|55|56|55|56|55|56|55|56|55|56|55|56|55|56|55|56|55|56|55|56|55|56|55|56|55|56|55|56|55|56|55|56|55|56|55|56|55|56|55|56|55|56|55|56|55|56|55|56|55|56|55|56|55|56|55|56|55|56|55|56|55|56|55|56|55|56|55|56|55|56|55|56|55|56|55|56|55|56|55|56|55|56|55|56|55|56|55|56|55|56|55|56|55|56|55|56|55|
27|28|29|31|36|39|48|47|48|47|48|47|48|47|48|47|48|47|48|47|48|47|48|47|48|47|48|47|48|47|48|47|48|47|48|47|48|47|48|47|48|47|48|47|48|47|48|47|48|47|48|47|48|47|48|47|48|47|48|47|48|47|48|47|48|47|48|47|48|47|48|47|48|47|48|47|48|47|48|47|48|47|48|47|48|47|48|47|48|47|48|47|48|47|48|47|48|47|48|47|
39|48|47|48|47|48|47|48|47|48|47|48|47|48|47|48|47|48|47|48|47|48|47|48|47|48|47|48|47|48|47|48|47|48|47|48|47|48|47|48|47|48|47|48|47|48|47|48|47|48|47|48|47|48|47|48|47|48|47|48|47|48|47|48|47|48|47|48|47|48|47|48|47|48|47|48|47|48|47|48|47|48|47|48|47|48|47|48|47|48|47|48|47|48|47|48|47|48|47|48|
31|36|39|48|47|48|47|48|47|48|47|48|47|48|47|48|47|48|47|48|47|48|47|48|47|48|47|48|47|48|47|48|47|48|47|48|47|48|47|48|47|48|47|48|47|48|47|48|47|48|47|48|47|48|47|48|47|48|47|48|47|48|47|48|47|48|47|48|47|48|47|48|47|48|47|48|47|48|47|48|47|48|47|48|47|48|47|48|47|48|47|48|47|48|47|48|47|48|47|48|
11|12|13|14|15|16|15|16|15|16|15|16|15|16|15|16|15|16|15|16|15|16|15|16|15|16|15|16|15|16|15|16|15|16|15|16|15|16|15|16|15|16|15|16|15|16|15|16|15|16|15|16|15|16|15|16|15|16|15|16|15|16|15|16|15|16|15|16|15|16|15|16|15|16|15|16|15|16|15|16|15|16|15|16|15|16|15|16|15|16|15|16|15|16|15|16|15|16|15|16|
37|38|39|48|47|48|47|48|47|48|47|48|47|48|47|48|47|48|47|48|47|48|47|48|47|48|47|48|47|48|47|48|47|48|47|48|47|48|47|48|47|48|47|48|47|48|47|48|47|48|47|48|47|48|47|48|47|48|47|48|47|48|47|48|47|48|47|48|47|48|47|48|47|48|47|48|47|48|47|48|47|48|47|48|47|48|47|48|47|48|47|48|47|48|47|48|47|48|47|48|
58|59|58|59|58|59|58|59|58|59|58|59|58|59|58|59|58|59|58|59|58|59|58|59|58|59|58|59|58|59|58|59|58|59|58|59|58|59|58|59|58|59|58|59|58|59|58|59|58|59|58|59|58|59|58|59|58|59|58|59|58|59|58|59|58|59|58|59|58|59|58|59|58|59|58|59|58|59|58|59|58|59|58|59|58|59|58|59|58|59|58|59|58|59|58|59|58|59|58|59|
9|10|11|12|13|14|15|16|15|16|15|16|15|16|15|16|15|16|15|16|15|16|15|16|15|16|15|16|15|16|15|16|15|16|15|16|15|16|15|16|15|16|15|16|15|16|15|16|15|16|15|16|15|16|15|16|15|16|15|16|15|16|15|16|15|16|15|16|15|16|15|16|15|16|15|16|15|16|15|16|15|16|15|16|15|16|15|16|15|16|15|16|15|16|15|16|15|16|15|16|
53|52|53|52|53|52|53|52|53|52|53|52|53|52|53|52|53|52|53|52|53|52|53|52|53|52|53|52|53|52|53|52|53|52|53|52|53|52|53|52|53|52|53|52|53|52|53|52|53|52|53|52|53|52|53|52|53|52|53|52|53|52|53|52|53|52|53|52|53|52|53|52|53|52|53|52|53|52|53|52|53|52|53|52|53|52|53|52|53|52|53|52|53|52|53|52|53|52|53|52|
7|10|11|12|13|14|15|16|15|16|15|16|15|16|15|16|15|16|15|16|15|16|15|16|15|16|15|16|15|16|15|16|15|16|15|16|15|16|15|16|15|16|15|16|15|16|15|16|15|16|15|16|15|16|15|16|15|16|15|16|15|16|15|16|15|16|15|16|15|16|15|16|15|16|15|16|15|16|15|16|15|16|15|16|15|16|15|16|15|16|15|16|15|16|15|16|15|16|15|16|
6|7|10|11|12|13|14|15|16|15|16|15|16|15|16|15|16|15|16|15|16|15|16|15|16|15|16|15|16|15|16|15|16|15|16|15|16|15|16|15|16|15|16|15|16|15|16|15|16|15|16|15|16|15|16|15|16|15|16|15|16|15|16|15|16|15|16|15|16|15|16|15|16|15|16|15|16|15|16|15|16|15|16|15|16|15|16|15|16|15|16|15|16|15|16|15|16|15|16|15|
44|45|44|45|44|45|44|45|44|45|44|45|44|45|44|45|44|45|44|45|44|45|44|45|44|45|44|45|44|45|44|45|44|45|44|45|44|45|44|45|44|45|44|45|44|45|44|45|44|45|44|45|44|45|44|45|44|45|44|45|44|45|44|45|44|45|44|45|44|45|44|45|44|45|44|45|44|45|44|45|44|45|44|45|44|45|44|45|44|45|44|45|44|45|44|45|44|45|44|45|
52|53|52|53|52|53|52|53|52|53|52|53|52|53|52|53|52|53|52|53|52|53|52|53|52|53|52|53|52|53|52|53|52|53|52|53|52|53|52|53|52|53|52|53|52|53|52|53|52|53|52|53|52|53|52|53|52|53|52|53|52|53|52|53|52|53|52|53|52|53|52|53|52|53|52|53|52|53|52|53|52|53|52|53|52|53|52|53|52|53|52|53|52|53|52|53|52|53|52|53|
41|40|41|40|41|40|41|40|41|40|41|40|41|40|41|40|41|40|41|40|41|40|41|40|41|40|41|40|41|40|41|40|41|40|41|40|41|40|41|40|41|40|41|40|41|40|41|40|41|40|41|40|41|40|41|40|41|40|41|40|41|40|41|40|41|40|41|40|41|40|41|40|41|40|41|40|41|40|41|40|41|40|41|40|41|40|41|40|41|40|41|40|41|40|41|40|41|40|41|40|
55|56|55|56|55|56|55|56|55|56|55|56|55|56|55|56|55|56|55|56|55|56|55|56|55|56|55|56|55|56|55|56|55|56|55|56|55|56|55|56|55|56|55|56|55|56|55|56|55|56|55|56|55|56|55|56|55|56|55|56|55|56|55|56|55|56|55|56|55|56|55|56|55|56|55|56|55|56|55|56|55|56|55|56|55|56|55|56|55|56|55|56|55|56|55|56|55|56|55|56|
14|15|16|15|16|15|16|15|16|15|16|15|16|15|16|15|16|15|16|15|16|15|16|15|16|15|16|15|16|15|16|15|16|15|16|15|16|15|16|15|16|15|16|15|16|15|16|15|16|15|16|15|16|15|16|15|16|15|16|15|16|15|16|15|16|15|16|15|16|15|16|15|16|15|16|15|16|15|16|15|16|15|16|15|16|15|16|15|16|15|16|15|16|15|16|15|16|15|16|15|
41|40|41|40|41|40|41|40|41|40|41|40|41|40|41|40|41|40|41|40|41|40|41|40|41|40|41|40|41|40|41|40|41|40|41|40|41|40|41|40|41|40|41|40|41|40|41|40|41|40|41|40|41|40|41|40|41|40|41|40|41|40|41|40|41|40|41|40|41|40|41|40|41|40|41|40|41|40|41|40|41|40|41|40|41|40|41|40|41|40|41|40|41|40|41|40|41|40|41|40|
43|42|43|42|43|42|43|42|43|42|43|42|43|42|43|42|43|42|43|42|43|42|43|42|43|42|43|42|43|42|43|42|43|42|43|42|43|42|43|42|43|42|43|42|43|42|43|42|43|42|43|42|43|42|43|42|43|42|43|42|43|42|43|42|43|42|43|42|43|42|43|42|43|42|43|42|43|42|43|42|43|42|43|42|43|42|45|47|52|53|52|53|52|53|52|53|52|53|52|53|
28|27|26|14|13|12|11|10|7|6|5|4|3|2|1|25|0|25|1|2|3|4|5|4|3|2|1|25|0|25|1|2|3|4|5|4|3|2|1|25|0|25|1|2|3|4|5|4|3|2|1|25|0|25|1|2|3|4|5|4|3|2|1|25|0|25|1|2|3|4|5|4|3|2|1|25|0|25|1|2|3|4|5|4|3|2|1|25|0|25|1|2|3|4|5|4|3|2|1|25|
20|17|10|7|6|5|4|3|2|1|25|0|25|1|2|3|4|5|4|3|2|1|25|0|25|1|2|3|4|5|4|3|2|1|25|0|25|1|2|3|4|5|4|3|2|1|25|0|25|1|2|3|4|5|4|3|2|1|25|0|25|1|2|3|4|5|4|3|2|1|25|0|25|1|2|3|4|5|4|3|2|1|25|0|25|1|2|3|4|5|4|3|2|1|25|0|25|1|2|3|
2|1|25|0|25|1|2|3|4|5|4|3|2|1|25|0|25|1|2|3|4|5|4|3|2|1|25|0|25|1|2|3|4|5|4|3|2|1|25|0|25|1|2|3|4|5|4|3|2|1|25|0|25|1|2|3|4|5|4|3|2|1|25|0|25|1|2|3|4|5|4|3|2|1|25|0|25|1|2|3|4|5|4|3|2|1|25|0|25|1|2|3|4|5|4|3|2|1|25|0|
37|34|32|27|26|14|13|12|11|10|7|6|5|4|3|2|1|25|0|25|1|2|3|4|5|4|3|2|1|25|0|25|1|2|3|4|5|4|3|2|1|25|0|25|1|2|3|4|5|4|3|2|1|25|0|25|1|2|3|4|5|4|3|2|1|25|0|25|1|2|3|4|5|4|3|2|1|25|0|25|1|2|3|4|5|4|3|2|1|25|0|25|1|2|3|4|5|4|3|2|
33|31|29|28|27|26|14|13|12|11|10|7|6|5|4|3|2|1|25|0|25|1|2|3|4|5|4|3|2|1|25|0|25|1|2|3|4|5|4|3|2|1|25|0|25|1|2|3|4|5|4|3|2|1|25|0|25|1|2|3|4|5|4|3|2|1|25|0|25|1|2|3|4|5|4|3|2|1|25|0|25|1|2|3|4|5|4|3|2|1|25|0|25|1|2|3|4|5|4|3|
48|39|36|31|29|28|27|26|14|13|12|11|10|7|6|5|4|3|2|1|25|0|25|1|2|3|4|5|4|3|2|1|25|0|25|1|2|3|4|5|4|3|2|1|25|0|25|1|2|3|4|5|4|3|2|1|25|0|25|1|2|3|4|5|4|3|2|1|25|0|25|1|2|3|4|5|4|3|2|1|25|0|25|1|2|3|4|5|4|3|2|1|25|0|25|1|2|3|4|5|
55|54|49|39|36|31|29|28|27|26|14|13|12|11|10|7|6|5|4|3|2|1|25|0|25|1|2|3|4|5|4|3|2|1|25|0|25|1|2|3|4|5|4|3|2|1|25|0|25|1|2|3|4|5|4|3|2|1|25|0|25|1|2|3|4|5|4|3|2|1|25|0|25|1|2|3|4|5|4|3|2|1|25|0|25|1|2|3|4|5|4|3|2|1|25|0|25|1|2|3|
7|6|5|4|3|2|1|25|0|25|1|2|3|4|5|4|3|2|1|25|0|25|1|2|3|4|5|4|3|2|1|25|0|25|1|2|3|4|5|4|3|2|1|25|0|25|1|2|3|4|5|4|3|2|1|25|0|25|1|2|3|4|5|4|3|2|1|25|0|25|1|2|3|4|5|4|3|2|1|25|0|25|1|2|3|4|5|4|3|2|1|25|0|25|1|2|3|4|5|4|
57|56|50|37|34|32|27|26|14|13|12|11|10|7|6|5|4|3|2|1|25|0|25|1|2|3|4|5|4|3|2|1|25|0|25|1|2|3|4|5|4|3|2|1|25|0|25|1|2|3|4|5|4|3|2|1|25|0|25|1|2|3|4|5|4|3|2|1|25|0|25|1|2|3|4|5|4|3|2|1|25|0|25|1|2|3|4|5|4|3|2|1|25|0|25|1|2|3|4|5|
19|7|6|5|4|3|2|1|25|0|25|1|2|3|4|5|4|3|2|1|25|0|25|1|2|3|4|5|4|3|2|1|25|0|25|1|2|3|4|5|4|3|2|1|25|0|25|1|2|3|4|5|4|3|2|1|25|0|25|1|2|3|4|5|4|3|2|1|25|0|25|1|2|3|4|5|4|3|2|1|25|0|25|1|2|3|4|5|4|3|2|1|25|0|25|1|2|3|4|5|
35|34|32|27|26|14|13|12|11|10|7|6|5|4|3|2|1|25|0|25|1|2|3|4|5|4|3|2|1|25|0|25|1|2|3|4|5|4|3|2|1|25|0|25|1|2|3|4|5|4|3|2|1|25|0|25|1|2|3|4|5|4|3|2|1|25|0|25|1|2|3|4|5|4|3|2|1|25|0|25|1|2|3|4|5|4|3|2|1|25|0|25|1|2|3|4|5|4|3|2|
3|2|1|25|0|25|1|2|3|4|5|4|3|2|1|25|0|25|1|2|3|4|5|4|3|2|1|25|0|25|1|2|3|4|5|4|3|2|1|25|0|25|1|2|3|4|5|4|3|2|1|25|0|25|1|2|3|4|5|4|3|2|1|25|0|25|1|2|3|4|5|4|3|2|1|25|0|25|1|2|3|4|5|4|3|2|1|25|0|25|1|2|3|4|5|4|3|2|1|25|
37|34|32|27|26|14|13|12|11|10|7|6|5|4|3|2|1|25|0|25|1|2|3|4|5|4|3|2|1|25|0|25|1|2|3|4|5|4|3|2|1|25|0|25|1|2|3|4|5|4|3|2|1|25|0|25|1|2|3|4|5|4|3|2|1|25|0|25|1|2|3|4|5|4|3|2|1|25|0|25|1|2|3|4|5|4|3|2|1|25|0|25|1|2|3|4|5|4|3|2|
49|39|36|31|29|28|27|26|14|13|12|11|10|7|6|5|4|3|2|1|25|0|25|1|2|3|4|5|4|3|2|1|25|0|25|1|2|3|4|5|4|3|2|1|25|0|25|1|2|3|4|5|4|3|2|1|25|0|25|1|2|3|4|5|4|3|2|1|25|0|25|1|2|3|4|5|4|3|2|1|25|0|25|1|2|3|4|5|4|3|2|1|25|0|25|1|2|3|4|5|
5|4|3|2|1|25|0|25|1|2|3|4|5|4|3|2|1|25|0|25|1|2|3|4|5|4|3|2|1|25|0|25|1|2|3|4|5|4|3|2|1|25|0|25|1|2|3|4|5|4|3|2|1|25|0|25|1|2|3|4|5|4|3|2|1|25|0|25|1|2|3|4|5|4|3|2|1|25|0|25|1|2|3|4|5|4|3|2|1|25|0|25|1|2|3|4|5|4|3|2|
30|17|10|7|6|5|4|3|2|1|25|0|25|1|2|3|4|5|4|3|2|1|25|0|25|1|2|3|4|5|4|3|2|1|25|0|25|1|2|3|4|5|4|3|2|1|25|0|25|1|2|3|4|5|4|3|2|1|25|0|25|1|2|3|4|5|4|3|2|1|25|0|25|1|2|3|4|5|4|3|2|1|25|0|25|1|2|3|4|5|4|3|2|1|25|0|25|1|2|3|
21|6|5|4|3|2|1|25|0|25|1|2|3|4|5|4|3|2|1|25|0|25|1|2|3|4|5|4|3|2|1|25|0|25|1|2|3|4|5|4|3|2|1|25|0|25|1|2|3|4|5|4|3|2|1|25|0|25|1|2|3|4|5|4|3|2|1|25|0|25|1|2|3|4|5|4|3|2|1|25|0|25|1|2|3|4|5|4|3|2|1|25|0|25|1|2|3|4|5|4|
55|54|49|39|36|31|29|28|27|26|14|13|12|11|10|7|6|5|4|3|2|1|25|0|25|1|2|3|4|5|4|3|2|1|25|0|25|1|2|3|4|5|4|3|2|1|25|0|25|1|2|3|4|5|4|3|2|1|25|0|25|1|2|3|4|5|4|3|2|1|25|0|25|1|2|3|4|5|4|3|2|1|25|0|25|1|2|3|4|5|4|3|2|1|25|0|25|1|2|3|
16|11|10|7|6|5|4|3|2|1|25|0|25|1|2|3|4|5|4|3|2|1|25|0|25|1|2|3|4|5|4|3|2|1|25|0|25|1|2|3|4|5|4|3|2|1|25|0|25|1|2|3|4|5|4|3|2|1|25|0|25|1|2|3|4|5|4|3|2|1|25|0|25|1|2|3|4|5|4|3|2|1|25|0|25|1|2|3|4|5|4|3|2|1|25|0|25|1|2|3|
27|26|14|13|12|11|10|7|6|5|4|3|2|1|25|0|25|1|2|3|4|5|4|3|2|1|25|0|25|1|2|3|4|5|4|3|2|1|25|0|25|1|2|3|4|5|4|3|2|1|25|0|25|1|2|3|4|5|4|3|2|1|25|0|25|1|2|3|4|5|4|3|2|1|25|0|25|1|2|3|4|5|4|3|2|1|25|0|25|1|2|3|4|5|4|3|2|1|25|0|
30|17|10|7|6|5|4|3|2|1|25|0|25|1|2|3|4|5|4|3|2|1|25|0|25|1|2|3|4|5|4|3|2|1|25|0|25|1|2|3|4|5|4|3|2|1|25|0|25|1|2|3|4|5|4|3|2|1|25|0|25|1|2|3|4|5|4|3|2|1|25|0|25|1|2|3|4|5|4|3|2|1|25|0|25|1|2|3|4|5|4|3|2|1|25|0|25|1|2|3|
14|13|12|11|10|7|6|5|4|3|2|1|25|0|25|1|2|3|4|5|4|3|2|1|25|0|25|1|2|3|4|5|4|3|2|1|25|0|25|1|2|3|4|5|4|3|2|1|25|0|25|1|2|3|4|5|4|3|2|1|25|0|25|1|2|3|4|5|4|3|2|1|25|0|25|1|2|3|4|5|4|3|2|1|25|0|25|1|2|3|4|5|4|3|2|1|25|0|25|1|
26|14|13|12|11|10|7|6|5|4|3|2|1|25|0|25|1|2|3|4|5|4|3|2|1|25|0|25|1|2|3|4|5|4|3|2|1|25|0|25|1|2|3|4|5|4|3|2|1|25|0|25|1|2|3|4|5|4|3|2|1|25|0|25|1|2|3|4|5|4|3|2|1|25|0|25|1|2|3|4|5|4|3|2|1|25|0|25|1|2|3|4|5|4|3|2|1|25|0|25|
51|49|39|36|31|29|28|27|26|14|13|12|11|10|7|6|5|4|3|2|1|25|0|25|1|2|3|4|5|4|3|2|1|25|0|25|1|2|3|4|5|4|3|2|1|25|0|25|1|2|3|4|5|4|3|2|1|25|0|25|1|2|3|4|5|4|3|2|1|25|0|25|1|2|3|4|5|4|3|2|1|25|0|25|1|2|3|4|5|4|3|2|1|25|0|25|1|2|3|4|
56|50|37|34|32|27|26|14|13|12|11|10|7|6|5|4|3|2|1|25|0|25|1|2|3|4|5|4|3|2|1|25|0|25|1|2|3|4|5|4|3|2|1|25|0|25|1|2|3|4|5|4|3|2|1|25|0|25|1|2|3|4|5|4|3|2|1|25|0|25|1|2|3|4|5|4|3|2|1|25|0|25|1|2|3|4|5|4|3|2|1|25|0|25|1|2|3|4|5|4|
10|7|6|5|4|3|2|1|25|0|25|1|2|3|4|5|4|3|2|1|25|0|25|1|2|3|4|5|4|3|2|1|25|0|25|1|2|3|4|5|4|3|2|1|25|0|25|1|2|3|4|5|4|3|2|1|25|0|25|1|2|3|4|5|4|3|2|1|25|0|25|1|2|3|4|5|4|3|2|1|25|0|25|1|2|3|4|5|4|3|2|1|25|0|25|1|2|3|4|5|
13|12|11|10|7|6|5|4|3|2|1|25|0|25|1|2|3|4|5|4|3|2|1|25|0|25|1|2|3|4|5|4|3|2|1|25|0|25|1|2|3|4|5|4|3|2|1|25|0|25|1|2|3|4|5|4|3|2|1|25|0|25|1|2|3|4|5|4|3|2|1|25|0|25|1|2|3|4|5|4|3|2|1|25|0|25|1|2|3|4|5|4|3|2|1|25|0|25|1|2|
54|49|39|36|31|29|28|27|26|14|13|12|11|10|7|6|5|4|3|2|1|25|0|25|1|2|3|4|5|4|3|2|1|25|0|25|1|2|3|4|5|4|3|2|1|25|0|25|1|2|3|4|5|4|3|2|1|25|0|25|1|2|3|4|5|4|3|2|1|25|0|25|1|2|3|4|5|4|3|2|1|25|0|25|1|2|3|4|5|4|3|2|1|25|0|25|1|2|3|4|
54|49|39|36|31|29|28|27|26|14|13|12|11|10|7|6|5|4|3|2|1|25|0|25|1|2|3|4|5|4|3|2|1|25|0|25|1|2|3|4|5|4|3|2|1|25|0|25|1|2|3|4|5|4|3|2|1|25|0|25|1|2|3|4|5|4|3|2|1|25|0|25|1|2|3|4|5|4|3|2|1|25|0|25|1|2|3|4|5|4|3|2|1|25|0|25|1|2|3|4|
14|13|12|11|10|7|6|5|4|3|2|1|25|0|25|1|2|3|4|5|4|3|2|1|25|0|25|1|2|3|4|5|4|3|2|1|25|0|25|1|2|3|4|5|4|3|2|1|25|0|25|1|2|3|4|5|4|3|2|1|25|0|25|1|2|3|4|5|4|3|2|1|25|0|25|1|2|3|4|5|4|3|2|1|25|0|25|1|2|3|4|5|4|3|2|1|25|0|25|1|
16|11|10|7|6|5|4|3|2|1|25|0|25|1|2|3|4|5|4|3|2|1|25|0|25|1|2|3|4|5|4|3|2|1|25|0|25|1|2|3|4|5|4|3|2|1|25|0|25|1|2|3|4|5|4|3|2|1|25|0|25|1|2|3|4|5|4|3|2|1|25|0|25|1|2|3|4|5|4|3|2|1|25|0|25|1|2|3|4|5|4|3|2|1|25|0|25|1|2|3|
36|31|29|28|27|26|14|13|12|11|10|7|6|5|4|3|2|1|25|0|25|1|2|3|4|5|4|3|2|1|25|0|25|1|2|3|4|5|4|3|2|1|25|0|25|1|2|3|4|5|4|3|2|1|25|0|25|1|2|3|4|5|4|3|2|1|25|0|25|1|2|3|4|5|4|3|2|1|25|0|25|1|2|3|4|5|4|3|2|1|25|0|25|1|2|3|4|5|4|3|
50|37|34|32|27|26|14|13|12|11|10|7|6|5|4|3|2|1|25|0|25|1|2|3|4|5|4|3|2|1|25|0|25|1|2|3|4|5|4|3|2|1|25|0|25|1|2|3|4|5|4|3|2|1|25|0|25|1|2|3|4|5|4|3|2|1|25|0|25|1|2|3|4|5|4|3|2|1|25|0|25|1|2|3|4|5|4|3|2|1|25|0|25|1|2|3|4|5|4|3|
40|29|28|27|26|14|13|12|11|10|7|6|5|4|3|2|1|25|0|25|1|2|3|4|5|4|3|2|1|25|0|25|1|2|3|4|5|4|3|2|1|25|0|25|1|2|3|4|5|4|3|2|1|25|0|25|1|2|3|4|5|4|3|2|1|25|0|25|1|2|3|4|5|4|3|2|1|25|0|25|1|2|3|4|5|4|3|2|1|25|0|25|1|2|3|4|5|4|3|2|
2|1|25|0|25|1|2|3|4|5|4|3|2|1|25|0|25|1|2|3|4|5|4|3|2|1|25|0|25|1|2|3|4|5|4|3|2|1|25|0|25|1|2|3|4|5|4|3|2|1|25|0|25|1|2|3|4|5|4|3|2|1|25|0|25|1|2|3|4|5|4|3|2|1|25|0|25|1|2|3|4|5|4|3|2|1|25|0|25|1|2|3|4|5|4|3|2|1|25|0|
15|14|13|12|11|10|7|6|5|4|3|2|1|25|0|25|1|2|3|4|5|4|3|2|1|25|0|25|1|2|3|4|5|4|3|2|1|25|0|25|1|2|3|4|5|4|3|2|1|25|0|25|1|2|3|4|5|4|3|2|1|25|0|25|1|2|3|4|5|4|3|2|1|25|0|25|1|2|3|4|5|4|3|2|1|25|0|25|1|2|3|4|5|4|3|2|1|25|0|25|
27|26|14|13|12|11|10|7|6|5|4|3|2|1|25|0|25|1|2|3|4|5|4|3|2|1|25|0|25|1|2|3|4|5|4|3|2|1|25|0|25|1|2|3|4|5|4|3|2|1|25|0|25|1|2|3|4|5|4|3|2|1|25|0|25|1|2|3|4|5|4|3|2|1|25|0|25|1|2|3|4|5|4|3|2|1|25|0|25|1|2|3|4|5|4|3|2|1|25|0|
49|39|36|31|29|28|27|26|14|13|12|11|10|7|6|5|4|3|2|1|25|0|25|1|2|3|4|5|4|3|2|1|25|0|25|1|2|3|4|5|4|3|2|1|25|0|25|1|2|3|4|5|4|3|2|1|25|0|25|1|2|3|4|5|4|3|2|1|25|0|25|1|2|3|4|5|4|3|2|1|25|0|25|1|2|3|4|5|4|3|2|1|25|0|25|1|2|3|4|5|
54|49|39|36|31|29|28|27|26|14|13|12|11|10|7|6|5|4|3|2|1|25|0|25|1|2|3|4|5|4|3|2|1|25|0|25|1|2|3|4|5|4|3|2|1|25|0|25|1|2|3|4|5|4|3|2|1|25|0|25|1|2|3|4|5|4|3|2|1|25|0|25|1|2|3|4|5|4|3|2|1|25|0|25|1|2|3|4|5|4|3|2|1|25|0|25|1|2|3|4|
15|14|13|12|11|10|7|6|5|4|3|2|1|25|0|25|1|2|3|4|5|4|3|2|1|25|0|25|1|2|3|4|5|4|3|2|1|25|0|25|1|2|3|4|5|4|3|2|1|25|0|25|1|2|3|4|5|4|3|2|1|25|0|25|1|2|3|4|5|4|3|2|1|25|0|25|1|2|3|4|5|4|3|2|1|25|0|25|1|2|3|4|5|4|3|2|1|25|0|25|
6|5|4|3|2|1|25|0|25|1|2|3|4|5|4|3|2|1|25|0|25|1|2|3|4|5|4|3|2|1|25|0|25|1|2|3|4|5|4|3|2|1|25|0|25|1|2|3|4|5|4|3|2|1|25|0|25|1|2|3|4|5|4|3|2|1|25|0|25|1|2|3|4|5|4|3|2|1|25|0|25|1|2|3|4|5|4|3|2|1|25|0|25|1|2|3|4|5|4|3|
10|7|6|5|4|3|2|1|25|0|25|1|2|3|4|5|4|3|2|1|25|0|25|1|2|3|4|5|4|3|2|1|25|0|25|1|2|3|4|5|4|3|2|1|25|0|25|1|2|3|4|5|4|3|2|1|25|0|25|1|2|3|4|5|4|3|2|1|25|0|25|1|2|3|4|5|4|3|2|1|25|0|25|1|2|3|4|5|4|3|2|1|25|0|25|1|2|3|4|5|
1|2|3|4|5|4|3|2|1|25|0|25|1|2|3|4|5|4|3|2|1|25|0|25|1|2|3|4|5|4|3|2|1|25|0|25|1|2|3|4|5|4|3|2|1|25|0|25|1|2|3|4|5|4|3|2|1|25|0|25|1|2|3|4|5|4|3|2|1|25|0|25|1|2|3|4|5|4|3|2|1|25|0|25|1|2|3|4|5|4|3|2|1|25|0|25|1|2|3|4|
9|10|7|6|5|4|3|2|1|25|0|25|1|2|3|4|5|4|3|2|1|25|0|25|1|2|3|4|5|4|3|2|1|25|0|25|1|2|3|4|5|4|3|2|1|25|0|25|1|2|3|4|5|4|3|2|1|25|0|25|1|2|3|4|5|4|3|2|1|25|0|25|1|2|3|4|5|4|3|2|1|25|0|25|1|2|3|4|5|4|3|2|1|25|0|25|1|2|3|4|
55|54|49|39|36|31|29|28|27|26|14|13|12|11|10|7|6|5|4|3|2|1|25|0|25|1|2|3|4|5|4|3|2|1|25|0|25|1|2|3|4|5|4|3|2|1|25|0|25|1|2|3|4|5|4|3|2|1|25|0|25|1|2|3|4|5|4|3|2|1|25|0|25|1|2|3|4|5|4|3|2|1|25|0|25|1|2|3|4|5|4|3|2|1|25|0|25|1|2|3|
13|12|11|10|7|6|5|4|3|2|1|25|0|25|1|2|3|4|5|4|3|2|1|25|0|25|1|2|3|4|5|4|3|2|1|25|0|25|1|2|3|4|5|4|3|2|1|25|0|25|1|2|3|4|5|4|3|2|1|25|0|25|1|2|3|4|5|4|3|2|1|25|0|25|1|2|3|4|5|4|3|2|1|25|0|25|1|2|3|4|5|4|3|2|1|25|0|25|1|2|
23|5|4|3|2|1|25|0|25|1|2|3|4|5|4|3|2|1|25|0|25|1|2|3|4|5|4|3|2|1|25|0|25|1|2|3|4|5|4|3|2|1|25|0|25|1|2|3|4|5|4|3|2|1|25|0|25|1|2|3|4|5|4|3|2|1|25|0|25|1|2|3|4|5|4|3|2|1|25|0|25|1|2|3|4|5|4|3|2|1|25|0|25|1|2|3|4|5|4|3|
51|49|39|36|31|29|28|27|26|14|13|12|11|10|7|6|5|4|3|2|1|25|0|25|1|2|3|4|5|4|3|2|1|25|0|25|1|2|3|4|5|4|3|2|1|25|0|25|1|2|3|4|5|4|3|2|1|25|0|25|1|2|3|4|5|4|3|2|1|25|0|25|1|2|3|4|5|4|3|2|1|25|0|25|1|2|3|4|5|4|3|2|1|25|0|25|1|2|3|4|
30|17|10|7|6|5|4|3|2|1|25|0|25|1|2|3|4|5|4|3|2|1|25|0|25|1|2|3|4|5|4|3|2|1|25|0|25|1|2|3|4|5|4|3|2|1|25|0|25|1|2|3|4|5|4|3|2|1|25|0|25|1|2|3|4|5|4|3|2|1|25|0|25|1|2|3|4|5|4|3|2|1|25|0|25|1|2|3|4|5|4|3|2|1|25|0|25|1|2|3|
7|6|5|4|3|2|1|25|0|25|1|2|3|4|5|4|3|2|1|25|0|25|1|2|3|4|5|4|3|2|1|25|0|25|1|2|3|4|5|4|3|2|1|25|0|25|1|2|3|4|5|4|3|2|1|25|0|25|1|2|3|4|5|4|3|2|1|25|0|25|1|2|3|4|5|4|3|2|1|25|0|25|1|2|3|4|5|4|3|2|1|25|0|25|1|2|3|4|5|4|
35|34|32|27|26|14|13|12|11|10|7|6|5|4|3|2|1|25|0|25|1|2|3|4|5|4|3|2|1|25|0|25|1|2|3|4|5|4|3|2|1|25|0|25|1|2|3|4|5|4|3|2|1|25|0|25|1|2|3|4|5|4|3|2|1|25|0|25|1|2|3|4|5|4|3|2|1|25|0|25|1|2|3|4|5|4|3|2|1|25|0|25|1|2|3|4|5|4|3|2|
56|50|37|34|32|27|26|14|13|12|11|10|7|6|5|4|3|2|1|25|0|25|1|2|3|4|5|4|3|2|1|25|0|25|1|2|3|4|5|4|3|2|1|25|0|25|1|2|3|4|5|4|3|2|1|25|0|25|1|2|3|4|5|4|3|2|1|25|0|25|1|2|3|4|5|4|3|2|1|25|0|25|1|2|3|4|5|4|3|2|1|25|0|25|1|2|3|4|5|4|
26|14|13|12|11|10|7|6|5|4|3|2|1|25|0|25|1|2|3|4|5|4|3|2|1|25|0|25|1|2|3|4|5|4|3|2|1|25|0|25|1|2|3|4|5|4|3|2|1|25|0|25|1|2|3|4|5|4|3|2|1|25|0|25|1|2|3|4|5|4|3|2|1|25|0|25|1|2|3|4|5|4|3|2|1|25|0|25|1|2|3|4|5|4|3|2|1|25|0|25|
37|34|32|27|26|14|13|12|11|10|7|6|5|4|3|2|1|25|0|25|1|2|3|4|5|4|3|2|1|25|0|25|1|2|3|4|5|4|3|2|1|25|0|25|1|2|3|4|5|4|3|2|1|25|0|25|1|2|3|4|5|4|3|2|1|25|0|25|1|2|3|4|5|4|3|2|1|25|0|25|1|2|3|4|5|4|3|2|1|25|0|25|1|2|3|4|5|4|3|2|
55|54|49|39|36|31|29|28|27|26|14|13|12|11|10|7|6|5|4|3|2|1|25|0|25|1|2|3|4|5|4|3|2|1|25|0|25|1|2|3|4|5|4|3|2|1|25|0|25|1|2|3|4|5|4|3|2|1|25|0|25|1|2|3|4|5|4|3|2|1|25|0|25|1|2|3|4|5|4|3|2|1|25|0|25|1|2|3|4|5|4|3|2|1|25|0|25|1|2|3|
45|42|41|21|6|5|4|3|2|1|25|0|25|1|2|3|4|5|4|3|2|1|25|0|25|1|2|3|4|5|4|3|2|1|25|0|25|1|2|3|4|5|4|3|2|1|25|0|25|1|2|3|4|5|4|3|2|1|25|0|25|1|2|3|4|5|4|3|2|1|25|0|25|1|2|3|4|5|4|3|2|1|25|0|25|1|2|3|4|5|4|3|2|1|25|0|25|1|2|3|
32|27|26|14|13|12|11|10|7|6|5|4|3|2|1|25|0|25|1|2|3|4|5|4|3|2|1|25|0|25|1|2|3|4|5|4|3|2|1|25|0|25|1|2|3|4|5|4|3|2|1|25|0|25|1|2|3|4|5|4|3|2|1|25|0|25|1|2|3|4|5|4|3|2|1|25|0|25|1|2|3|4|5|4|3|2|1|25|0|25|1|2|3|4|5|4|3|2|1|25|
39|36|31|29|28|27|26|14|13|12|11|10|7|6|5|4|3|2|1|25|0|25|1|2|3|4|5|4|3|2|1|25|0|25|1|2|3|4|5|4|3|2|1|25|0|25|1|2|3|4|5|4|3|2|1|25|0|25|1|2|3|4|5|4|3|2|1|25|0|25|1|2|3|4|5|4|3|2|1|25|0|25|1|2|3|4|5|4|3|2|1|25|0|25|1|2|3|4|5|4|
8|7|6|5|4|3|2|1|25|0|25|1|2|3|4|5|4|3|2|1|25|0|25|1|2|3|4|5|4|3|2|1|25|0|25|1|2|3|4|5|4|3|2|1|25|0|25|1|2|3|4|5|4|3|2|1|25|0|25|1|2|3|4|5|4|3|2|1|25|0|25|1|2|3|4|5|4|3|2|1|25|0|25|1|2|3|4|5|4|3|2|1|25|0|25|1|2|3|4|5|
23|5|4|3|2|1|25|0|25|1|2|3|4|5|4|3|2|1|25|0|25|1|2|3|4|5|4|3|2|1|25|0|25|1|2|3|4|5|4|3|2|1|25|0|25|1|2|3|4|5|4|3|2|1|25|0|25|1|2|3|4|5|4|3|2|1|25|0|25|1|2|3|4|5|4|3|2|1|25|0|25|1|2|3|4|5|4|3|2|1|25|0|25|1|2|3|4|5|4|3|
33|31|29|28|27|26|14|13|12|11|10|7|6|5|4|3|2|1|25|0|25|1|2|3|4|5|4|3|2|1|25|0|25|1|2|3|4|5|4|3|2|1|25|0|25|1|2|3|4|5|4|3|2|1|25|0|25|1|2|3|4|5|4|3|2|1|25|0|25|1|2|3|4|5|4|3|2|1|25|0|25|1|2|3|4|5|4|3|2|1|25|0|25|1|2|3|4|5|4|3|
28|27|26|14|13|12|11|10|7|6|5|4|3|2|1|25|0|25|1|2|3|4|5|4|3|2|1|25|0|25|1|2|3|4|5|4|3|2|1|25|0|25|1|2|3|4|5|4|3|2|1|25|0|25|1|2|3|4|5|4|3|2|1|25|0|25|1|2|3|4|5|4|3|2|1|25|0|25|1|2|3|4|5|4|3|2|1|25|0|25|1|2|3|4|5|4|3|2|1|25|
39|36|31|29|28|27|26|14|13|12|11|10|7|6|5|4|3|2|1|25|0|25|1|2|3|4|5|4|3|2|1|25|0|25|1|2|3|4|5|4|3|2|1|25|0|25|1|2|3|4|5|4|3|2|1|25|0|25|1|2|3|4|5|4|3|2|1|25|0|25|1|2|3|4|5|4|3|2|1|25|0|25|1|2|3|4|5|4|3|2|1|25|0|25|1|2|3|4|5|4|
40|29|28|27|26|14|13|12|11|10|7|6|5|4|3|2|1|25|0|25|1|2|3|4|5|4|3|2|1|25|0|25|1|2|3|4|5|4|3|2|1|25|0|25|1|2|3|4|5|4|3|2|1|25|0|25|1|2|3|4|5|4|3|2|1|25|0|25|1|2|3|4|5|4|3|2|1|25|0|25|1|2|3|4|5|4|3|2|1|25|0|25|1|2|3|4|5|4|3|2|
54|49|39|36|31|29|28|27|26|14|13|12|11|10|7|6|5|4|3|2|1|25|0|25|1|2|3|4|5|4|3|2|1|25|0|25|1|2|3|4|5|4|3|2|1|25|0|25|1|2|3|4|5|4|3|2|1|25|0|25|1|2|3|4|5|4|3|2|1|25|0|25|1|2|3|4|5|4|3|2|1|25|0|25|1|2|3|4|5|4|3|2|1|25|0|25|1|2|3|4|
1|2|3|4|5|4|3|2|1|25|0|25|1|2|3|4|5|4|3|2|1|25|0|25|1|2|3|4|5|4|3|2|1|25|0|25|1|2|3|4|5|4|3|2|1|25|0|25|1|2|3|4|5|4|3|2|1|25|0|25|1|2|3|4|5|4|3|2|1|25|0|25|1|2|3|4|5|4|3|2|1|25|0|25|1|2|3|4|5|4|3|2|1|25|0|25|1|2|3|4|
55|54|49|39|36|31|29|28|27|26|14|13|12|11|10|7|6|5|4|3|2|1|25|0|25|1|2|3|4|5|4|3|2|1|25|0|25|1|2|3|4|5|4|3|2|1|25|0|25|1|2|3|4|5|4|3|2|1|25|0|25|1|2|3|4|5|4|3|2|1|25|0|25|1|2|3|4|5|4|3|2|1|25|0|25|1|2|3|4|5|4|3|2|1|25|0|25|1|2|3|
37|34|32|27|26|14|13|12|11|10|7|6|5|4|3|2|1|25|0|25|1|2|3|4|5|4|3|2|1|25|0|25|1|2|3|4|5|4|3|2|1|25|0|25|1|2|3|4|5|4|3|2|1|25|0|25|1|2|3|4|5|4|3|2|1|25|0|25|1|2|3|4|5|4|3|2|1|25|0|25|1|2|3|4|5|4|3|2|1|25|0|25|1|2|3|4|5|4|3|2|
35|34|32|27|26|14|13|12|11|10|7|6|5|4|3|2|1|25|0|25|1|2|3|4|5|4|3|2|1|25|0|25|1|2|3|4|5|4|3|2|1|25|0|25|1|2|3|4|5|4|3|2|1|25|0|25|1|2|3|4|5|4|3|2|1|25|0|25|1|2|3|4|5|4|3|2|1|25|0|25|1|2|3|4|5|4|3|2|1|25|0|25|1|2|3|4|5|4|3|2|
50|37|34|32|27|26|14|13|12|11|10|7|6|5|4|3|2|1|25|0|25|1|2|3|4|5|4|3|2|1|25|0|25|1|2|3|4|5|4|3|2|1|25|0|25|1|2|3|4|5|4|3|2|1|25|0|25|1|2|3|4|5|4|3|2|1|25|0|25|1|2|3|4|5|4|3|2|1|25|0|25|1|2|3|4|5|4|3|2|1|25|0|25|1|2|3|4|5|4|3|
1|2|3|4|5|4|3|2|1|25|0|25|1|2|3|4|5|4|3|2|1|25|0|25|1|2|3|4|5|4|3|2|1|25|0|25|1|2|3|4|5|4|3|2|1|25|0|25|1|2|3|4|5|4|3|2|1|25|0|25|1|2|3|4|5|4|3|2|1|25|0|25|1|2|3|4|5|4|3|2|1|25|0|25|1|2|3|4|5|4|3|2|1|25|0|25|1|2|3|4|
31|29|28|27|26|14|13|12|11|10|7|6|5|4|3|2|1|25|0|25|1|2|3|4|5|4|3|2|1|25|0|25|1|2|3|4|5|4|3|2|1|25|0|25|1|2|3|4|5|4|3|2|1|25|0|25|1|2|3|4|5|4|3|2|1|25|0|25|1|2|3|4|5|4|3|2|1|25|0|25|1|2|3|4|5|4|3|2|1|25|0|25|1|2|3|4|5|4|3|2|
45|42|41|21|6|5|4|3|2|1|25|0|25|1|2|3|4|5|4|3|2|1|25|0|25|1|2|3|4|5|4|3|2|1|25|0|25|1|2|3|4|5|4|3|2|1|25|0|25|1|2|3|4|5|4|3|2|1|25|1|25|1|25|1|25|1|25|1|25|1|25|1|25|1|25|1|25|1|25|1|25|1|25|1|25|1|25|1|25|1|25|1|25|1|25|1|25|1|25|1|
52|53|52|53|52|53|52|53|52|53|52|53|52|53|52|53|52|53|52|53|52|53|52|53|52|53|52|53|52|53|52|53|52|53|52|53|52|53|52|53|52|53|52|53|52|53|52|53|52|53|52|53|52|53|52|53|52|53|52|53|52|53|52|53|52|53|52|53|52|53|52|53|52|53|52|53|52|53|52|53|52|53|52|53|52|53|52|53|52|53|52|53|52|53|52|53|52|53|52|53|
9|10|17|30|29|40|41|42|45|47|52|53|52|53|52|53|52|53|52|53|52|53|52|53|52|53|52|53|52|53|52|53|52|53|52|53|52|53|52|53|52|53|52|53|52|53|52|53|52|53|52|53|52|53|52|53|52|53|52|53|52|53|52|53|52|53|52|53|52|53|52|53|52|53|52|53|52|53|52|53|52|53|52|53|52|53|52|53|52|53|52|53|52|53|52|53|52|53|52|53|
4|5|23|21|41|42|45|47|52|53|52|53|52|53|52|53|52|53|52|53|52|53|52|53|52|53|52|53|52|53|52|53|52|53|52|53|52|53|52|53|52|53|52|53|52|53|52|53|52|53|52|53|52|53|52|53|52|53|52|53|52|53|52|53|52|53|52|53|52|53|52|53|52|53|52|53|52|53|52|53|52|53|52|53|52|53|52|53|52|53|52|53|52|53|52|53|52|53|52|53|
49|54|59|58|59|58|59|58|59|58|59|58|59|58|59|58|59|58|59|58|59|58|59|58|59|58|59|58|59|58|59|58|59|58|59|58|59|58|59|58|59|58|59|58|59|58|59|58|59|58|59|58|59|58|59|58|59|58|59|58|59|58|59|58|59|58|59|58|59|58|59|58|59|58|59|58|59|58|59|58|59|58|59|58|59|58|59|58|59|58|59|58|59|58|59|58|59|58|59|58|
42|45|47|52|53|52|53|52|53|52|53|52|53|52|53|52|53|52|53|52|53|52|53|52|53|52|53|52|53|52|53|52|53|52|53|52|53|52|53|52|53|52|53|52|53|52|53|52|53|52|53|52|53|52|53|52|53|52|53|52|53|52|53|52|53|52|53|52|53|52|53|52|53|52|53|52|53|52|53|52|53|52|53|52|53|52|53|52|53|52|53|52|53|52|53|52|53|52|53|52|
31|43|42|45|47|52|53|52|53|52|53|52|53|52|53|52|53|52|53|52|53|52|53|52|53|52|53|52|53|52|53|52|53|52|53|52|53|52|53|52|53|52|53|52|53|52|53|52|53|52|53|52|53|52|53|52|53|52|53|52|53|52|53|52|53|52|53|52|53|52|53|52|53|52|53|52|53|52|53|52|53|52|53|52|53|52|53|52|53|52|53|52|53|52|53|52|53|52|53|52|
21|41|42|45|47|52|53|52|53|52|53|52|53|52|53|52|53|52|53|52|53|52|53|52|53|52|53|52|53|52|53|52|53|52|53|52|53|52|53|52|53|52|53|52|53|52|53|52|53|52|53|52|53|52|53|52|53|52|53|52|53|52|53|52|53|52|53|52|53|52|53|52|53|52|53|52|53|52|53|52|53|52|53|52|53|52|53|52|53|52|53|52|53|52|53|52|53|52|53|52|
44|45|47|52|53|52|53|52|53|52|53|52|53|52|53|52|53|52|53|52|53|52|53|52|53|52|53|52|53|52|53|52|53|52|53|52|53|52|53|52|53|52|53|52|53|52|53|52|53|52|53|52|53|52|53|52|53|52|53|52|53|52|53|52|53|52|53|52|53|52|53|52|53|52|53|52|53|52|53|52|53|52|53|52|53|52|53|52|53|52|53|52|53|52|53|52|53|52|53|52|
13|14|26|27|32|34|37|50|56|57|58|59|58|59|58|59|58|59|58|59|58|59|58|59|58|59|58|59|58|59|58|59|58|59|58|59|58|59|58|59|58|59|58|59|58|59|58|59|58|59|58|59|58|59|58|59|58|59|58|59|58|59|58|59|58|59|58|59|58|59|58|59|58|59|58|59|58|59|58|59|58|59|58|59|58|59|58|59|58|59|58|59|58|59|58|59|58|59|58|59|
44|45|47|52|53|52|53|52|53|52|53|52|53|52|53|52|53|52|53|52|53|52|53|52|53|52|53|52|53|52|53|52|53|52|53|52|53|52|53|52|53|52|53|52|53|52|53|52|53|52|53|52|53|52|53|52|53|52|53|52|53|52|53|52|53|52|53|52|53|52|53|52|53|52|53|52|53|52|53|52|53|52|53|52|53|52|53|52|53|52|53|52|53|52|53|52|53|52|53|52|
5|23|21|41|42|45|47|52|53|52|53|52|53|52|53|52|53|52|53|52|53|52|53|52|53|52|53|52|53|52|53|52|53|52|53|52|53|52|53|52|53|52|53|52|53|52|53|52|53|52|53|52|53|52|53|52|53|52|53|52|53|52|53|52|53|52|53|52|53|52|53|52|53|52|53|52|53|52|53|52|53|52|53|52|53|52|53|52|53|52|53|52|53|52|53|52|53|52|53|52|
5|23|21|41|42|45|47|52|53|52|53|52|53|52|53|52|53|52|53|52|53|52|53|52|53|52|53|52|53|52|53|52|53|52|53|52|53|52|53|52|53|52|53|52|53|52|53|52|53|52|53|52|53|52|53|52|53|52|53|52|53|52|53|52|53|52|53|52|53|52|53|52|53|52|53|52|53|52|53|52|53|52|53|52|53|52|53|52|53|52|53|52|53|52|53|52|53|52|53|52|
47|52|53|52|53|52|53|52|53|52|53|52|53|52|53|52|53|52|53|52|53|52|53|52|53|52|53|52|53|52|53|52|53|52|53|52|53|52|53|52|53|52|53|52|53|52|53|52|53|52|53|52|53|52|53|52|53|52|53|52|53|52|53|52|53|52|53|52|53|52|53|52|53|52|53|52|53|52|53|52|53|52|53|52|53|52|53|52|53|52|53|52|53|52|53|52|53|52|53|52|
48|47|52|53|52|53|52|53|52|53|52|53|52|53|52|53|52|53|52|53|52|53|52|53|52|53|52|53|52|53|52|53|52|53|52|53|52|53|52|53|52|53|52|53|52|53|52|53|52|53|52|53|52|53|52|53|52|53|52|53|52|53|52|53|52|53|52|53|52|53|52|53|52|53|52|53|52|53|52|53|52|53|52|53|52|53|52|53|52|53|52|53|52|53|52|53|52|53|52|53|
52|53|52|53|52|53|52|53|52|53|52|53|52|53|52|53|52|53|52|53|52|53|52|53|52|53|52|53|52|53|52|53|52|53|52|53|52|53|52|53|52|53|52|53|52|53|52|53|52|53|52|53|52|53|52|53|52|53|52|53|52|53|52|53|52|53|52|53|52|53|52|53|52|53|52|53|52|53|52|53|52|53|52|53|52|53|52|53|52|53|52|53|52|53|52|53|52|53|52|53|
10|17|30|29|40|41|42|45|47|52|53|52|53|52|53|52|53|52|53|52|53|52|53|52|53|52|53|52|53|52|53|52|53|52|53|52|53|52|53|52|53|52|53|52|53|52|53|52|53|52|53|52|53|52|53|52|53|52|53|52|53|52|53|52|53|52|53|52|53|52|53|52|53|52|53|52|53|52|53|52|53|52|53|52|53|52|53|52|53|52|53|52|53|52|53|52|53|52|53|52|
48|47|52|53|52|53|52|53|52|53|52|53|52|53|52|53|52|53|52|53|52|53|52|53|52|53|52|53|52|53|52|53|52|53|52|53|52|53|52|53|52|53|52|53|52|53|52|53|52|53|52|53|52|53|52|53|52|53|52|53|52|53|52|53|52|53|52|53|52|53|52|53|52|53|52|53|52|53|52|53|52|53|52|53|52|53|52|53|52|53|52|53|52|53|52|53|52|53|52|53|
45|47|52|53|52|53|52|53|52|53|52|53|52|53|52|53|52|53|52|53|52|53|52|53|52|53|52|53|52|53|52|53|52|53|52|53|52|53|52|53|52|53|52|53|52|53|52|53|52|53|52|53|52|53|52|53|52|53|52|53|52|53|52|53|52|53|52|53|52|53|52|53|52|53|52|53|52|53|52|53|52|53|52|53|52|53|52|53|52|53|52|53|52|53|52|53|52|53|52|53|
8|7|19|20|21|41|42|45|47|52|53|52|53|52|53|52|53|52|53|52|53|52|53|52|53|52|53|52|53|52|53|52|53|52|53|52|53|52|53|52|53|52|53|52|53|52|53|52|53|52|53|52|53|52|53|52|53|52|53|52|53|52|53|52|53|52|53|52|53|52|53|52|53|52|53|52|53|52|53|52|53|52|53|52|53|52|53|52|53|52|53|52|53|52|53|52|53|52|53|52|
42|45|47|52|53|52|53|52|53|52|53|52|53|52|53|52|53|52|53|52|53|52|53|52|53|52|53|52|53|52|53|52|53|52|53|52|53|52|53|52|53|52|53|52|53|52|53|52|53|52|53|52|53|52|53|52|53|52|53|52|53|52|53|52|53|52|53|52|53|52|53|52|53|52|53|52|53|52|53|52|53|52|53|52|53|52|53|52|53|52|53|52|53|52|53|52|53|52|53|52|
36|44|45|47|52|53|52|53|52|53|52|53|52|53|52|53|52|53|52|53|52|53|52|53|52|53|52|53|52|53|52|53|52|53|52|53|52|53|52|53|52|53|52|53|52|53|52|53|52|53|52|53|52|53|52|53|52|53|52|53|52|53|52|53|52|53|52|53|52|53|52|53|52|53|52|53|52|53|52|53|52|53|52|53|52|53|52|53|52|53|52|53|52|53|52|53|52|53|52|53|
55|56|57|58|59|58|59|58|59|58|59|58|59|58|59|58|59|58|59|58|59|58|59|58|59|58|59|58|59|58|59|58|59|58|59|58|59|58|59|58|59|58|59|58|59|58|59|58|59|58|59|58|59|58|59|58|59|58|59|58|59|58|59|58|59|58|59|58|59|58|59|58|59|58|59|58|59|58|59|58|59|58|59|58|59|58|59|58|59|58|59|58|59|58|59|58|59|58|59|58|
21|41|42|45|47|52|53|52|53|52|53|52|53|52|53|52|53|52|53|52|53|52|53|52|53|52|53|52|53|52|53|52|53|52|53|52|53|52|53|52|53|52|53|52|53|52|53|52|53|52|53|52|53|52|53|52|53|52|53|52|53|52|53|52|53|52|53|52|53|52|53|52|53|52|53|52|53|52|53|52|53|52|53|52|53|52|53|52|53|52|53|52|53|52|53|52|53|52|53|52|
27|32|34|37|50|56|57|58|59|58|59|58|59|58|59|58|59|58|59|58|59|58|59|58|59|58|59|58|59|58|59|58|59|58|59|58|59|58|59|58|59|58|59|58|59|58|59|58|59|58|59|58|59|58|59|58|59|58|59|58|59|58|59|58|59|58|59|58|59|58|59|58|59|58|59|58|59|58|59|58|59|58|59|58|59|58|59|58|59|58|59|58|59|58|59|58|59|58|59|58|
2|3|4|5|23|21|41|42|45|47|52|53|52|53|52|53|52|53|52|53|52|53|52|53|52|53|52|53|52|53|52|53|52|53|52|53|52|53|52|53|52|53|52|53|52|53|52|53|52|53|52|53|52|53|52|53|52|53|52|53|52|53|52|53|52|53|52|53|52|53|52|53|52|53|52|53|52|53|52|53|52|53|52|53|52|53|52|53|52|53|52|53|52|53|52|53|52|53|52|53|
12|13|14|26|27|32|34|37|50|56|57|58|59|58|59|58|59|58|59|58|59|58|59|58|59|58|59|58|59|58|59|58|59|58|59|58|59|58|59|58|59|58|59|58|59|58|59|58|59|58|59|58|59|58|59|58|59|58|59|58|59|58|59|58|59|58|59|58|59|58|59|58|59|58|59|58|59|58|59|58|59|58|59|58|59|58|59|58|59|58|59|58|59|58|59|58|59|58|59|58|
27|32|34|37|50|56|57|58|59|58|59|58|59|58|59|58|59|58|59|58|59|58|59|58|59|58|59|58|59|58|59|58|59|58|59|58|59|58|59|58|59|58|59|58|59|58|59|58|59|58|59|58|59|58|59|58|59|58|59|58|59|58|59|58|59|58|59|58|59|58|59|58|59|58|59|58|59|58|59|58|59|58|59|58|59|58|59|58|59|58|59|58|59|58|59|58|59|58|59|58|
15|17|30|29|40|41|42|45|47|52|53|52|53|52|53|52|53|52|53|52|53|52|53|52|53|52|53|52|53|52|53|52|53|52|53|52|53|52|53|52|53|52|53|52|53|52|53|52|53|52|53|52|53|52|53|52|53|52|53|52|53|52|53|52|53|52|53|52|53|52|53|52|53|52|53|52|53|52|53|52|53|52|53|52|53|52|53|52|53|52|53|52|53|52|53|52|53|52|53|52|
54|59|58|59|58|59|58|59|58|59|58|59|58|59|58|59|58|59|58|59|58|59|58|59|58|59|58|59|58|59|58|59|58|59|58|59|58|59|58|59|58|59|58|59|58|59|58|59|58|59|58|59|58|59|58|59|58|59|58|59|58|59|58|59|58|59|58|59|58|59|58|59|58|59|58|59|58|59|58|59|58|59|58|59|58|59|58|59|58|59|58|59|58|59|58|59|58|59|58|59|
32|34|37|50|56|57|58|59|58|59|58|59|58|59|58|59|58|59|58|59|58|59|58|59|58|59|58|59|58|59|58|59|58|59|58|59|58|59|58|59|58|59|58|59|58|59|58|59|58|59|58|59|58|59|58|59|58|59|58|59|58|59|58|59|58|59|58|59|58|59|58|59|58|59|58|59|58|59|58|59|58|59|58|59|58|59|58|59|58|59|58|59|58|59|58|59|58|59|58|59|
6|21|41|42|45|47|52|53|52|53|52|53|52|53|52|53|52|53|52|53|52|53|52|53|52|53|52|53|52|53|52|53|52|53|52|53|52|53|52|53|52|53|52|53|52|53|52|53|52|53|52|53|52|53|52|53|52|53|52|53|52|53|52|53|52|53|52|53|52|53|52|53|52|53|52|53|52|53|52|53|52|53|52|53|52|53|52|53|52|53|52|53|52|53|52|53|52|53|52|53|
4|5|23|21|41|42|45|47|52|53|52|53|52|53|52|53|52|53|52|53|52|53|52|53|52|53|52|53|52|53|52|53|52|53|52|53|52|53|52|53|52|53|52|53|52|53|52|53|52|53|52|53|52|53|52|53|52|53|52|53|52|53|52|53|52|53|52|53|52|53|52|53|52|53|52|53|52|53|52|53|52|53|52|53|52|53|52|53|52|53|52|53|52|53|52|53|52|53|52|53|
11|16|15|17|30|29|40|41|42|45|47|52|53|52|53|52|53|52|53|52|53|52|53|52|53|52|53|52|53|52|53|52|53|52|53|52|53|52|53|52|53|52|53|52|53|52|53|52|53|52|53|52|53|52|53|52|53|52|53|52|53|52|53|52|53|52|53|52|53|52|53|52|53|52|53|52|53|52|53|52|53|52|53|52|53|52|53|52|53|52|53|52|53|52|53|52|53|52|53|52|
38|39|49|54|59|58|59|58|59|58|59|58|59|58|59|58|59|58|59|58|59|58|59|58|59|58|59|58|59|58|59|58|59|58|59|58|59|58|59|58|59|58|59|58|59|58|59|58|59|58|59|58|59|58|59|58|59|58|59|58|59|58|59|58|59|58|59|58|59|58|59|58|59|58|59|58|59|58|59|58|59|58|59|58|59|58|59|58|59|58|59|58|59|58|59|58|59|58|59|58|
44|45|47|52|53|52|53|52|53|52|53|52|53|52|53|52|53|52|53|52|53|52|53|52|53|52|53|52|53|52|53|52|53|52|53|52|53|52|53|52|53|52|53|52|53|52|53|52|53|52|53|52|53|52|53|52|53|52|53|52|53|52|53|52|53|52|53|52|53|52|53|52|53|52|53|52|53|52|53|52|53|52|53|52|53|52|53|52|53|52|53|52|53|52|53|52|53|52|53|52|
41|42|45|47|52|53|52|53|52|53|52|53|52|53|52|53|52|53|52|53|52|53|52|53|52|53|52|53|52|53|52|53|52|53|52|53|52|53|52|53|52|53|52|53|52|53|52|53|52|53|52|53|52|53|52|53|52|53|52|53|52|53|52|53|52|53|52|53|52|53|52|53|52|53|52|53|52|53|52|53|52|53|52|53|52|53|52|53|52|53|52|53|52|53|52|53|52|53|52|53|
41|42|45|47|52|53|52|53|52|53|52|53|52|53|52|53|52|53|52|53|52|53|52|53|52|53|52|53|52|53|52|53|52|53|52|53|52|53|52|53|52|53|52|53|52|53|52|53|52|53|52|53|52|53|52|53|52|53|52|53|52|53|52|53|52|53|52|53|52|53|52|53|52|53|52|53|52|53|52|53|52|53|52|53|52|53|52|53|52|53|52|53|52|53|52|53|52|53|52|53|
56|57|58|59|58|59|58|59|58|59|58|59|58|59|58|59|58|59|58|59|58|59|58|59|58|59|58|59|58|59|58|59|58|59|58|59|58|59|58|59|58|59|58|59|58|59|58|59|58|59|58|59|58|59|58|59|58|59|58|59|58|59|58|59|58|59|58|59|58|59|58|59|58|59|58|59|58|59|58|59|58|59|58|59|58|59|58|59|58|59|58|59|58|59|58|59|58|59|58|59|
35|36|44|45|47|52|53|52|53|52|53|52|53|52|53|52|53|52|53|52|53|52|53|52|53|52|53|52|53|52|53|52|53|52|53|52|53|52|53|52|53|52|53|52|53|52|53|52|53|52|53|52|53|52|53|52|53|52|53|52|53|52|53|52|53|52|53|52|53|52|53|52|53|52|53|52|53|52|53|52|53|52|53|52|53|52|53|52|53|52|53|52|53|52|53|52|53|52|53|52|
3|4|5|23|21|41|42|45|47|52|53|52|53|52|53|52|53|52|53|52|53|52|53|52|53|52|53|52|53|52|53|52|53|52|53|52|53|52|53|52|53|52|53|52|53|52|53|52|53|52|53|52|53|52|53|52|53|52|53|52|53|52|53|52|53|52|53|52|53|52|53|52|53|52|53|52|53|52|53|52|53|52|53|52|53|52|53|52|53|52|53|52|53|52|53|52|53|52|53|52|
48|47|52|53|52|53|52|53|52|53|52|53|52|53|52|53|52|53|52|53|52|53|52|53|52|53|52|53|52|53|52|53|52|53|52|53|52|53|52|53|52|53|52|53|52|53|52|53|52|53|52|53|52|53|52|53|52|53|52|53|52|53|52|53|52|53|52|53|52|53|52|53|52|53|52|53|52|53|52|53|52|53|52|53|52|53|52|53|52|53|52|53|52|53|52|53|52|53|52|53|
16|15|17|30|29|40|41|42|45|47|52|53|52|53|52|53|52|53|52|53|52|53|52|53|52|53|52|53|52|53|52|53|52|53|52|53|52|53|52|53|52|53|52|53|52|53|52|53|52|53|52|53|52|53|52|53|52|53|52|53|52|53|52|53|52|53|52|53|52|53|52|53|52|53|52|53|52|53|52|53|52|53|52|53|52|53|52|53|52|53|52|53|52|53|52|53|52|53|52|53|
53|52|53|52|53|52|53|52|53|52|53|52|53|52|53|52|53|52|53|52|53|52|53|52|53|52|53|52|53|52|53|52|53|52|53|52|53|52|53|52|53|52|53|52|53|52|53|52|53|52|53|52|53|52|53|52|53|52|53|52|53|52|53|52|53|52|53|52|53|52|53|52|53|52|53|52|53|52|53|52|53|52|53|52|53|52|53|52|53|52|53|52|53|52|53|52|53|52|53|52|
35|36|44|45|47|52|53|52|53|52|53|52|53|52|53|52|53|52|53|52|53|52|53|52|53|52|53|52|53|52|53|52|53|52|53|52|53|52|53|52|53|52|53|52|53|52|53|52|53|52|53|52|53|52|53|52|53|52|53|52|53|52|53|52|53|52|53|52|53|52|53|52|53|52|53|52|53|52|53|52|53|52|53|52|53|52|53|52|53|52|53|52|53|52|53|52|53|52|53|52|
49|54|59|58|59|58|59|58|59|58|59|58|59|58|59|58|59|58|59|58|59|58|59|58|59|58|59|58|59|58|59|58|59|58|59|58|59|58|59|58|59|58|59|58|59|58|59|58|59|58|59|58|59|58|59|58|59|58|59|58|59|58|59|58|59|58|59|58|59|58|59|58|59|58|59|58|59|58|59|58|59|58|59|58|59|58|59|58|59|58|59|58|59|58|59|58|59|58|59|58|
13|14|26|27|32|34|37|50|56|57|58|59|58|59|58|59|58|59|58|59|58|59|58|59|58|59|58|59|58|59|58|59|58|59|58|59|58|59|58|59|58|59|58|59|58|59|58|59|58|59|58|59|58|59|58|59|58|59|58|59|58|59|58|59|58|59|58|59|58|59|58|59|58|59|58|59|58|59|58|59|58|59|58|59|58|59|58|59|58|59|58|59|58|59|58|59|58|59|58|59|
7|19|20|21|41|42|45|47|52|53|52|53|52|53|52|53|52|53|52|53|52|53|52|53|52|53|52|53|52|53|52|53|52|53|52|53|52|53|52|53|52|53|52|53|52|53|52|53|52|53|52|53|52|53|52|53|52|53|52|53|52|53|52|53|52|53|52|53|52|53|52|53|52|53|52|53|52|53|52|53|52|53|52|53|52|53|52|53|52|53|52|53|52|53|52|53|52|53|52|53|
43|42|45|47|52|53|52|53|52|53|52|53|52|53|52|53|52|53|52|53|52|53|52|53|52|53|52|53|52|53|52|53|52|53|52|53|52|53|52|53|52|53|52|53|52|53|52|53|52|53|52|53|52|53|52|53|52|53|52|53|52|53|52|53|52|53|52|53|52|53|52|53|52|53|52|53|52|53|52|53|52|53|52|53|52|53|52|53|52|53|52|53|52|53|52|53|52|53|52|53|
26|27|32|34|37|50|56|57|58|59|58|59|58|59|58|59|58|59|58|59|58|59|58|59|58|59|58|59|58|59|58|59|58|59|58|59|58|59|58|59|58|59|58|59|58|59|58|59|58|59|58|59|58|59|58|59|58|59|58|59|58|59|58|59|58|59|58|59|58|59|58|59|58|59|58|59|58|59|58|59|58|59|58|59|58|59|58|59|58|59|58|59|58|59|58|59|58|59|58|59|
2|3|4|5|23|21|41|42|45|47|52|53|52|53|52|53|52|53|52|53|52|53|52|53|52|53|52|53|52|53|52|53|52|53|52|53|52|53|52|53|52|53|52|53|52|53|52|53|52|53|52|53|52|53|52|53|52|53|52|53|52|53|52|53|52|53|52|53|52|53|52|53|52|53|52|53|52|53|52|53|52|53|52|53|52|53|52|53|52|53|52|53|52|53|52|53|52|53|52|53|
15|17|30|29|40|41|42|45|47|52|53|52|53|52|53|52|53|52|53|52|53|52|53|52|53|52|53|52|53|52|53|52|53|52|53|52|53|52|53|52|53|52|53|52|53|52|53|52|53|52|53|52|53|52|53|52|53|52|53|52|53|52|53|52|53|52|53|52|53|52|53|52|53|52|53|52|53|52|53|52|53|52|53|52|53|52|53|52|53|52|53|52|53|52|53|52|53|52|53|52|
4|5|23|21|41|42|45|47|52|53|52|53|52|53|52|53|52|53|52|53|52|53|52|53|52|53|52|53|52|53|52|53|52|53|52|53|52|53|52|53|52|53|52|53|52|53|52|53|52|53|52|53|52|53|52|53|52|53|52|53|52|53|52|53|52|53|52|53|52|53|52|53|52|53|52|53|52|53|52|53|52|53|52|53|52|53|52|53|52|53|52|53|52|53|52|53|52|53|52|53|
11|16|15|17|30|29|40|41|42|45|47|52|53|52|53|52|53|52|53|52|53|52|53|52|53|52|53|52|53|52|53|52|53|52|53|52|53|52|53|52|53|52|53|52|53|52|53|52|53|52|53|52|53|52|53|52|53|52|53|52|53|52|53|52|53|52|53|52|53|52|53|52|53|52|53|52|53|52|53|52|53|52|53|52|53|52|53|52|53|52|53|52|53|52|53|52|53|52|53|52|
55|56|57|58|59|58|59|58|59|58|59|58|59|58|59|58|59|58|59|58|59|58|59|58|59|58|59|58|59|58|59|58|59|58|59|58|59|58|59|58|59|58|59|58|59|58|59|58|59|58|59|58|59|58|59|58|59|58|59|58|59|58|59|58|59|58|59|58|59|58|59|58|59|58|59|58|59|58|59|58|59|58|59|58|59|58|59|58|59|58|59|58|59|58|59|58|59|58|59|54|
47|45|42|41|21|20|17|15|14|13|12|11|10|9|10|9|10|9|10|9|10|9|10|9|10|9|10|9|10|9|10|9|10|9|10|9|10|9|10|9|10|9|10|9|10|9|10|9|10|9|10|9|10|9|10|9|10|9|10|9|10|9|10|9|10|9|10|9|10|9|10|9|10|9|10|9|10|9|10|9|10|9|10|9|10|9|10|9|10|9|10|9|10|9|10|9|10|9|10|9|
35|34|32|27|26|14|13|12|11|10|9|10|9|10|9|10|9|10|9|10|9|10|9|10|9|10|9|10|9|10|9|10|9|10|9|10|9|10|9|10|9|10|9|10|9|10|9|10|9|10|9|10|9|10|9|10|9|10|9|10|9|10|9|10|9|10|9|10|9|10|9|10|9|10|9|10|9|10|9|10|9|10|9|10|9|10|9|10|9|10|9|10|9|10|9|10|9|10|9|10|
48|39|38|37|34|32|27|26|14|13|12|11|10|9|10|9|10|9|10|9|10|9|10|9|10|9|10|9|10|9|10|9|10|9|10|9|10|9|10|9|10|9|10|9|10|9|10|9|10|9|10|9|10|9|10|9|10|9|10|9|10|9|10|9|10|9|10|9|10|9|10|9|10|9|10|9|10|9|10|9|10|9|10|9|10|9|10|9|10|9|10|9|10|9|10|9|10|9|10|9|
30|17|15|14|13|12|11|10|9|10|9|10|9|10|9|10|9|10|9|10|9|10|9|10|9|10|9|10|9|10|9|10|9|10|9|10|9|10|9|10|9|10|9|10|9|10|9|10|9|10|9|10|9|10|9|10|9|10|9|10|9|10|9|10|9|10|9|10|9|10|9|10|9|10|9|10|9|10|9|10|9|10|9|10|9|10|9|10|9|10|9|10|9|10|9|10|9|10|9|10|
5|4|3|2|1|25|0|25|1|2|3|4|5|4|3|2|1|25|0|25|1|2|3|4|5|4|3|2|1|25|0|25|1|2|3|4|5|4|3|2|1|25|0|25|1|2|3|4|5|4|3|2|1|25|0|25|1|2|3|4|5|4|3|2|1|25|0|25|1|2|3|4|5|4|3|2|1|25|0|25|1|2|3|4|5|4|3|2|1|25|0|25|1|2|3|4|5|4|3|2|
7|8|7|8|7|8|7|8|7|8|7|8|7|8|7|8|7|8|7|8|7|8|7|8|7|8|7|8|7|8|7|8|7|8|7|8|7|8|7|8|7|8|7|8|7|8|7|8|7|8|7|8|7|8|7|8|7|8|7|8|7|8|7|8|7|8|7|8|7|8|7|8|7|8|7|8|7|8|7|8|7|8|7|8|7|8|7|8|7|8|7|8|7|8|7|8|7|8|7|8|
48|39|38|37|34|32|27|26|14|13|12|11|10|9|10|9|10|9|10|9|10|9|10|9|10|9|10|9|10|9|10|9|10|9|10|9|10|9|10|9|10|9|10|9|10|9|10|9|10|9|10|9|10|9|10|9|10|9|10|9|10|9|10|9|10|9|10|9|10|9|10|9|10|9|10|9|10|9|10|9|10|9|10|9|10|9|10|9|10|9|10|9|10|9|10|9|10|9|10|9|
39|38|37|34|32|27|26|14|13|12|11|10|9|10|9|10|9|10|9|10|9|10|9|10|9|10|9|10|9|10|9|10|9|10|9|10|9|10|9|10|9|10|9|10|9|10|9|10|9|10|9|10|9|10|9|10|9|10|9|10|9|10|9|10|9|10|9|10|9|10|9|10|9|10|9|10|9|10|9|10|9|10|9|10|9|10|9|10|9|10|9|10|9|10|9|10|9|10|9|10|
39|38|37|34|32|27|26|14|13|12|11|10|9|10|9|10|9|10|9|10|9|10|9|10|9|10|9|10|9|10|9|10|9|10|9|10|9|10|9|10|9|10|9|10|9|10|9|10|9|10|9|10|9|10|9|10|9|10|9|10|9|10|9|10|9|10|9|10|9|10|9|10|9|10|9|10|9|10|9|10|9|10|9|10|9|10|9|10|9|10|9|10|9|10|9|10|9|10|9|10|
1|2|3|4|5|4|3|2|1|25|0|25|1|2|3|4|5|4|3|2|1|25|0|25|1|2|3|4|5|4|3|2|1|25|0|25|1|2|3|4|5|4|3|2|1|25|0|25|1|2|3|4|5|4|3|2|1|25|0|25|1|2|3|4|5|4|3|2|1|25|0|25|1|2|3|4|5|4|3|2|1|25|0|25|1|2|3|4|5|4|3|2|1|25|0|25|1|2|3|4|
52|47|45|42|41|21|20|17|15|14|13|12|11|10|9|10|9|10|9|10|9|10|9|10|9|10|9|10|9|10|9|10|9|10|9|10|9|10|9|10|9|10|9|10|9|10|9|10|9|10|9|10|9|10|9|10|9|10|9|10|9|10|9|10|9|10|9|10|9|10|9|10|9|10|9|10|9|10|9|10|9|10|9|10|9|10|9|10|9|10|9|10|9|10|9|10|9|10|9|10|
10|9|10|9|10|9|10|9|10|9|10|9|10|9|10|9|10|9|10|9|10|9|10|9|10|9|10|9|10|9|10|9|10|9|10|9|10|9|10|9|10|9|10|9|10|9|10|9|10|9|10|9|10|9|10|9|10|9|10|9|10|9|10|9|10|9|10|9|10|9|10|9|10|9|10|9|10|9|10|9|10|9|10|9|10|9|10|9|10|9|10|9|10|9|10|9|10|9|10|9|
5|4|3|2|1|25|0|25|1|2|3|4|5|4|3|2|1|25|0|25|1|2|3|4|5|4|3|2|1|25|0|25|1|2|3|4|5|4|3|2|1|25|0|25|1|2|3|4|5|4|3|2|1|25|0|25|1|2|3|4|5|4|3|2|1|25|0|25|1|2|3|4|5|4|3|2|1|25|0|25|1|2|3|4|5|4|3|2|1|25|0|25|1|2|3|4|5|4|3|2|
7|8|7|8|7|8|7|8|7|8|7|8|7|8|7|8|7|8|7|8|7|8|7|8|7|8|7|8|7|8|7|8|7|8|7|8|7|8|7|8|7|8|7|8|7|8|7|8|7|8|7|8|7|8|7|8|7|8|7|8|7|8|7|8|7|8|7|8|7|8|7|8|7|8|7|8|7|8|7|8|7|8|7|8|7|8|7|8|7|8|7|8|7|8|7|8|7|8|7|8|
27|26|14|13|12|11|10|9|10|9|10|9|10|9|10|9|10|9|10|9|10|9|10|9|10|9|10|9|10|9|10|9|10|9|10|9|10|9|10|9|10|9|10|9|10|9|10|9|10|9|10|9|10|9|10|9|10|9|10|9|10|9|10|9|10|9|10|9|10|9|10|9|10|9|10|9|10|9|10|9|10|9|10|9|10|9|10|9|10|9|10|9|10|9|10|9|10|9|10|9|
8|7|8|7|8|7|8|7|8|7|8|7|8|7|8|7|8|7|8|7|8|7|8|7|8|7|8|7|8|7|8|7|8|7|8|7|8|7|8|7|8|7|8|7|8|7|8|7|8|7|8|7|8|7|8|7|8|7|8|7|8|7|8|7|8|7|8|7|8|7|8|7|8|7|8|7|8|7|8|7|8|7|8|7|8|7|8|7|8|7|8|7|8|7|8|7|8|7|8|7|
47|45|42|41|21|20|17|15|14|13|12|11|10|9|10|9|10|9|10|9|10|9|10|9|10|9|10|9|10|9|10|9|10|9|10|9|10|9|10|9|10|9|10|9|10|9|10|9|10|9|10|9|10|9|10|9|10|9|10|9|10|9|10|9|10|9|10|9|10|9|10|9|10|9|10|9|10|9|10|9|10|9|10|9|10|9|10|9|10|9|10|9|10|9|10|9|10|9|10|9|
32|27|26|14|13|12|11|10|9|10|9|10|9|10|9|10|9|10|9|10|9|10|9|10|9|10|9|10|9|10|9|10|9|10|9|10|9|10|9|10|9|10|9|10|9|10|9|10|9|10|9|10|9|10|9|10|9|10|9|10|9|10|9|10|9|10|9|10|9|10|9|10|9|10|9|10|9|10|9|10|9|10|9|10|9|10|9|10|9|10|9|10|9|10|9|10|9|10|9|10|
39|38|37|34|32|27|26|14|13|12|11|10|9|10|9|10|9|10|9|10|9|10|9|10|9|10|9|10|9|10|9|10|9|10|9|10|9|10|9|10|9|10|9|10|9|10|9|10|9|10|9|10|9|10|9|10|9|10|9|10|9|10|9|10|9|10|9|10|9|10|9|10|9|10|9|10|9|10|9|10|9|10|9|10|9|10|9|10|9|10|9|10|9|10|9|10|9|10|9|10|
40|29|30|17|15|14|13|12|11|10|9|10|9|10|9|10|9|10|9|10|9|10|9|10|9|10|9|10|9|10|9|10|9|10|9|10|9|10|9|10|9|10|9|10|9|10|9|10|9|10|9|10|9|10|9|10|9|10|9|10|9|10|9|10|9|10|9|10|9|10|9|10|9|10|9|10|9|10|9|10|9|10|9|10|9|10|9|10|9|10|9|10|9|10|9|10|9|10|9|10|
27|26|14|13|12|11|10|9|10|9|10|9|10|9|10|9|10|9|10|9|10|9|10|9|10|9|10|9|10|9|10|9|10|9|10|9|10|9|10|9|10|9|10|9|10|9|10|9|10|9|10|9|10|9|10|9|10|9|10|9|10|9|10|9|10|9|10|9|10|9|10|9|10|9|10|9|10|9|10|9|10|9|10|9|10|9|10|9|10|9|10|9|10|9|10|9|10|9|10|9|
50|37|34|32|27|26|14|13|12|11|10|9|10|9|10|9|10|9|10|9|10|9|10|9|10|9|10|9|10|9|10|9|10|9|10|9|10|9|10|9|10|9|10|9|10|9|10|9|10|9|10|9|10|9|10|9|10|9|10|9|10|9|10|9|10|9|10|9|10|9|10|9|10|9|10|9|10|9|10|9|10|9|10|9|10|9|10|9|10|9|10|9|10|9|10|9|10|9|10|9|
11|10|9|10|9|10|9|10|9|10|9|10|9|10|9|10|9|10|9|10|9|10|9|10|9|10|9|10|9|10|9|10|9|10|9|10|9|10|9|10|9|10|9|10|9|10|9|10|9|10|9|10|9|10|9|10|9|10|9|10|9|10|9|10|9|10|9|10|9|10|9|10|9|10|9|10|9|10|9|10|9|10|9|10|9|10|9|10|9|10|9|10|9|10|9|10|9|10|9|10|
58|57|56|50|37|34|32|27|26|14|13|12|11|10|9|10|9|10|9|10|9|10|9|10|9|10|9|10|9|10|9|10|9|10|9|10|9|10|9|10|9|10|9|10|9|10|9|10|9|10|9|10|9|10|9|10|9|10|9|10|9|10|9|10|9|10|9|10|9|10|9|10|9|10|9|10|9|10|9|10|9|10|9|10|9|10|9|10|9|10|9|10|9|10|9|10|9|10|9|10|
21|20|17|15|14|13|12|11|10|9|10|9|10|9|10|9|10|9|10|9|10|9|10|9|10|9|10|9|10|9|10|9|10|9|10|9|10|9|10|9|10|9|10|9|10|9|10|9|10|9|10|9|10|9|10|9|10|9|10|9|10|9|10|9|10|9|10|9|10|9|10|9|10|9|10|9|10|9|10|9|10|9|10|9|10|9|10|9|10|9|10|9|10|9|10|9|10|9|10|9|
30|17|15|14|13|12|11|10|9|10|9|10|9|10|9|10|9|10|9|10|9|10|9|10|9|10|9|10|9|10|9|10|9|10|9|10|9|10|9|10|9|10|9|10|9|10|9|10|9|10|9|10|9|10|9|10|9|10|9|10|9|10|9|10|9|10|9|10|9|10|9|10|9|10|9|10|9|10|9|10|9|10|9|10|9|10|9|10|9|10|9|10|9|10|9|10|9|10|9|10|
29|30|17|15|14|13|12|11|10|9|10|9|10|9|10|9|10|9|10|9|10|9|10|9|10|9|10|9|10|9|10|9|10|9|10|9|10|9|10|9|10|9|10|9|10|9|10|9|10|9|10|9|10|9|10|9|10|9|10|9|10|9|10|9|10|9|10|9|10|9|10|9|10|9|10|9|10|9|10|9|10|9|10|9|10|9|10|9|10|9|10|9|10|9|10|9|10|9|10|9|
30|17|15|14|13|12|11|10|9|10|9|10|9|10|9|10|9|10|9|10|9|10|9|10|9|10|9|10|9|10|9|10|9|10|9|10|9|10|9|10|9|10|9|10|9|10|9|10|9|10|9|10|9|10|9|10|9|10|9|10|9|10|9|10|9|10|9|10|9|10|9|10|9|10|9|10|9|10|9|10|9|10|9|10|9|10|9|10|9|10|9|10|9|10|9|10|9|10|9|10|
49|51|50|37|34|32|27|26|14|13|12|11|10|9|10|9|10|9|10|9|10|9|10|9|10|9|10|9|10|9|10|9|10|9|10|9|10|9|10|9|10|9|10|9|10|9|10|9|10|9|10|9|10|9|10|9|10|9|10|9|10|9|10|9|10|9|10|9|10|9|10|9|10|9|10|9|10|9|10|9|10|9|10|9|10|9|10|9|10|9|10|9|10|9|10|9|10|9|10|9|
39|38|37|34|32|27|26|14|13|12|11|10|9|10|9|10|9|10|9|10|9|10|9|10|9|10|9|10|9|10|9|10|9|10|9|10|9|10|9|10|9|10|9|10|9|10|9|10|9|10|9|10|9|10|9|10|9|10|9|10|9|10|9|10|9|10|9|10|9|10|9|10|9|10|9|10|9|10|9|10|9|10|9|10|9|10|9|10|9|10|9|10|9|10|9|10|9|10|9|10|
8|7|8|7|8|7|8|7|8|7|8|7|8|7|8|7|8|7|8|7|8|7|8|7|8|7|8|7|8|7|8|7|8|7|8|7|8|7|8|7|8|7|8|7|8|7|8|7|8|7|8|7|8|7|8|7|8|7|8|7|8|7|8|7|8|7|8|7|8|7|8|7|8|7|8|7|8|7|8|7|8|7|8|7|8|7|8|7|8|7|8|7|8|7|8|7|8|7|8|7|
27|26|14|13|12|11|10|9|10|9|10|9|10|9|10|9|10|9|10|9|10|9|10|9|10|9|10|9|10|9|10|9|10|9|10|9|10|9|10|9|10|9|10|9|10|9|10|9|10|9|10|9|10|9|10|9|10|9|10|9|10|9|10|9|10|9|10|9|10|9|10|9|10|9|10|9|10|9|10|9|10|9|10|9|10|9|10|9|10|9|10|9|10|9|10|9|10|9|10|9|
48|39|38|37|34|32|27|26|14|13|12|11|10|9|10|9|10|9|10|9|10|9|10|9|10|9|10|9|10|9|10|9|10|9|10|9|10|9|10|9|10|9|10|9|10|9|10|9|10|9|10|9|10|9|10|9|10|9|10|9|10|9|10|9|10|9|10|9|10|9|10|9|10|9|10|9|10|9|10|9|10|9|10|9|10|9|10|9|10|9|10|9|10|9|10|9|10|9|10|9|
58|57|56|50|37|34|32|27|26|14|13|12|11|10|9|10|9|10|9|10|9|10|9|10|9|10|9|10|9|10|9|10|9|10|9|10|9|10|9|10|9|10|9|10|9|10|9|10|9|10|9|10|9|10|9|10|9|10|9|10|9|10|9|10|9|10|9|10|9|10|9|10|9|10|9|10|9|10|9|10|9|10|9|10|9|10|9|10|9|10|9|10|9|10|9|10|9|10|9|10|
6|5|4|3|2|1|25|0|25|1|2|3|4|5|4|3|2|1|25|0|25|1|2|3|4|5|4|3|2|1|25|0|25|1|2|3|4|5|4|3|2|1|25|0|25|1|2|3|4|5|4|3|2|1|25|0|25|1|2|3|4|5|4|3|2|1|25|0|25|1|2|3|4|5|4|3|2|1|25|0|25|1|2|3|4|5|4|3|2|1|25|0|25|1|2|3|4|5|4|3|
51|49|51|50|37|34|32|27|26|14|13|12|11|10|9|10|9|10|9|10|9|10|9|10|9|10|9|10|9|10|9|10|9|10|9|10|9|10|9|10|9|10|9|10|9|10|9|10|9|10|9|10|9|10|9|10|9|10|9|10|9|10|9|10|9|10|9|10|9|10|9|10|9|10|9|10|9|10|9|10|9|10|9|10|9|10|9|10|9|10|9|10|9|10|9|10|9|10|9|10|
26|14|13|12|11|10|9|10|9|10|9|10|9|10|9|10|9|10|9|10|9|10|9|10|9|10|9|10|9|10|9|10|9|10|9|10|9|10|9|10|9|10|9|10|9|10|9|10|9|10|9|10|9|10|9|10|9|10|9|10|9|10|9|10|9|10|9|10|9|10|9|10|9|10|9|10|9|10|9|10|9|10|9|10|9|10|9|10|9|10|9|10|9|10|9|10|9|10|9|10|
30|17|15|14|13|12|11|10|9|10|9|10|9|10|9|10|9|10|9|10|9|10|9|10|9|10|9|10|9|10|9|10|9|10|9|10|9|10|9|10|9|10|9|10|9|10|9|10|9|10|9|10|9|10|9|10|9|10|9|10|9|10|9|10|9|10|9|10|9|10|9|10|9|10|9|10|9|10|9|10|9|10|9|10|9|10|9|10|9|10|9|10|9|10|9|10|9|10|9|10|
54|49|51|50|37|34|32|27|26|14|13|12|11|10|9|10|9|10|9|10|9|10|9|10|9|10|9|10|9|10|9|10|9|10|9|10|9|10|9|10|9|10|9|10|9|10|9|10|9|10|9|10|9|10|9|10|9|10|9|10|9|10|9|10|9|10|9|10|9|10|9|10|9|10|9|10|9|10|9|10|9|10|9|10|9|10|9|10|9|10|9|10|9|10|9|10|9|10|9|10|
1|2|3|4|5|4|3|2|1|25|0|25|1|2|3|4|5|4|3|2|1|25|0|25|1|2|3|4|5|4|3|2|1|25|0|25|1|2|3|4|5|4|3|2|1|25|0|25|1|2|3|4|5|4|3|2|1|25|0|25|1|2|3|4|5|4|3|2|1|25|0|25|1|2|3|4|5|4|3|2|1|25|0|25|1|2|3|4|5|4|3|2|1|25|0|25|1|2|3|4|
35|34|32|27|26|14|13|12|11|10|9|10|9|10|9|10|9|10|9|10|9|10|9|10|9|10|9|10|9|10|9|10|9|10|9|10|9|10|9|10|9|10|9|10|9|10|9|10|9|10|9|10|9|10|9|10|9|10|9|10|9|10|9|10|9|10|9|10|9|10|9|10|9|10|9|10|9|10|9|10|9|10|9|10|9|10|9|10|9|10|9|10|9|10|9|10|9|10|9|10|
15|14|13|12|11|10|9|10|9|10|9|10|9|10|9|10|9|10|9|10|9|10|9|10|9|10|9|10|9|10|9|10|9|10|9|10|9|10|9|10|9|10|9|10|9|10|9|10|9|10|9|10|9|10|9|10|9|10|9|10|9|10|9|10|9|10|9|10|9|10|9|10|9|10|9|10|9|10|9|10|9|10|9|10|9|10|9|10|9|10|9|10|9|10|9|10|9|10|9|10|
34|32|27|26|14|13|12|11|10|9|10|9|10|9|10|9|10|9|10|9|10|9|10|9|10|9|10|9|10|9|10|9|10|9|10|9|10|9|10|9|10|9|10|9|10|9|10|9|10|9|10|9|10|9|10|9|10|9|10|9|10|9|10|9|10|9|10|9|10|9|10|9|10|9|10|9|10|9|10|9|10|9|10|9|10|9|10|9|10|9|10|9|10|9|10|9|10|9|10|9|
56|50|37|34|32|27|26|14|13|12|11|10|9|10|9|10|9|10|9|10|9|10|9|10|9|10|9|10|9|10|9|10|9|10|9|10|9|10|9|10|9|10|9|10|9|10|9|10|9|10|9|10|9|10|9|10|9|10|9|10|9|10|9|10|9|10|9|10|9|10|9|10|9|10|9|10|9|10|9|10|9|10|9|10|9|10|9|10|9|10|9|10|9|10|9|10|9|10|9|10|
3|2|1|25|0|25|1|2|3|4|5|4|3|2|1|25|0|25|1|2|3|4|5|4|3|2|1|25|0|25|1|2|3|4|5|4|3|2|1|25|0|25|1|2|3|4|5|4|3|2|1|25|0|25|1|2|3|4|5|4|3|2|1|25|0|25|1|2|3|4|5|4|3|2|1|25|0|25|1|2|3|4|5|4|3|2|1|25|0|25|1|2|3|4|5|4|3|2|1|25|
3|2|1|25|0|25|1|2|3|4|5|4|3|2|1|25|0|25|1|2|3|4|5|4|3|2|1|25|0|25|1|2|3|4|5|4|3|2|1|25|0|25|1|2|3|4|5|4|3|2|1|25|0|25|1|2|3|4|5|4|3|2|1|25|0|25|1|2|3|4|5|4|3|2|1|25|0|25|1|2|3|4|5|4|3|2|1|25|0|25|1|2|3|4|5|4|3|2|1|25|
36|35|34|32|27|26|14|13|12|11|10|9|10|9|10|9|10|9|10|9|10|9|10|9|10|9|10|9|10|9|10|9|10|9|10|9|10|9|10|9|10|9|10|9|10|9|10|9|10|9|10|9|10|9|10|9|10|9|10|9|10|9|10|9|10|9|10|9|10|9|10|9|10|9|10|9|10|9|10|9|10|9|10|9|10|9|10|9|10|9|10|9|10|9|10|9|10|9|10|9|
57|56|50|37|34|32|27|26|14|13|12|11|10|9|10|9|10|9|10|9|10|9|10|9|10|9|10|9|10|9|10|9|10|9|10|9|10|9|10|9|10|9|10|9|10|9|10|9|10|9|10|9|10|9|10|9|10|9|10|9|10|9|10|9|10|9|10|9|10|9|10|9|10|9|10|9|10|9|10|9|10|9|10|9|10|9|10|9|10|9|10|9|10|9|10|9|10|9|10|9|
53|49|51|50|37|34|32|27|26|14|13|12|11|10|9|10|9|10|9|10|9|10|9|10|9|10|9|10|9|10|9|10|9|10|9|10|9|10|9|10|9|10|9|10|9|10|9|10|9|10|9|10|9|10|9|10|9|10|9|10|9|10|9|10|9|10|9|10|9|10|9|10|9|10|9|10|9|10|9|10|9|10|9|10|9|10|9|10|9|10|9|10|9|10|9|10|9|10|9|10|
27|26|14|13|12|11|10|9|10|9|10|9|10|9|10|9|10|9|10|9|10|9|10|9|10|9|10|9|10|9|10|9|10|9|10|9|10|9|10|9|10|9|10|9|10|9|10|9|10|9|10|9|10|9|10|9|10|9|10|9|10|9|10|9|10|9|10|9|10|9|10|9|10|9|10|9|10|9|10|9|10|9|10|9|10|9|10|9|10|9|10|9|10|9|10|9|10|9|10|9|
50|37|34|32|27|26|14|13|12|11|10|9|10|9|10|9|10|9|10|9|10|9|10|9|10|9|10|9|10|9|10|9|10|9|10|9|10|9|10|9|10|9|10|9|10|9|10|9|10|9|10|9|10|9|10|9|10|9|10|9|10|9|10|9|10|9|10|9|10|9|10|9|10|9|10|9|10|9|10|9|10|9|10|9|10|9|10|9|10|9|10|9|10|9|10|9|10|9|10|9|
23|5|4|3|2|1|25|0|25|1|2|3|4|5|4|3|2|1|25|0|25|1|2|3|4|5|4|3|2|1|25|0|25|1|2|3|4|5|4|3|2|1|25|0|25|1|2|3|4|5|4|3|2|1|25|0|25|1|2|3|4|5|4|3|2|1|25|0|25|1|2|3|4|5|4|3|2|1|25|0|25|1|2|3|4|5|4|3|2|1|25|0|25|1|2|3|4|5|4|3|
15|14|13|12|11|10|9|10|9|10|9|10|9|10|9|10|9|10|9|10|9|10|9|10|9|10|9|10|9|10|9|10|9|10|9|10|9|10|9|10|9|10|9|10|9|10|9|10|9|10|9|10|9|10|9|10|9|10|9|10|9|10|9|10|9|10|9|10|9|10|9|10|9|10|9|10|9|10|9|10|9|10|9|10|9|10|9|10|9|10|9|10|9|10|9|10|9|10|9|10|
20|17|15|14|13|12|11|10|9|10|9|10|9|10|9|10|9|10|9|10|9|10|9|10|9|10|9|10|9|10|9|10|9|10|9|10|9|10|9|10|9|10|9|10|9|10|9|10|9|10|9|10|9|10|9|10|9|10|9|10|9|10|9|10|9|10|9|10|9|10|9|10|9|10|9|10|9|10|9|10|9|10|9|10|9|10|9|10|9|10|9|10|9|10|9|10|9|10|9|10|
44|36|35|34|32|27|26|14|13|12|11|10|9|10|9|10|9|10|9|10|9|10|9|10|9|10|9|10|9|10|9|10|9|10|9|10|9|10|9|10|9|10|9|10|9|10|9|10|9|10|9|10|9|10|9|10|9|10|9|10|9|10|9|10|9|10|9|10|9|10|9|10|9|10|9|10|9|10|9|10|9|10|9|10|9|10|9|10|9|10|9|10|9|10|9|10|9|10|9|10|
38|37|34|32|27|26|14|13|12|11|10|9|10|9|10|9|10|9|10|9|10|9|10|9|10|9|10|9|10|9|10|9|10|9|10|9|10|9|10|9|10|9|10|9|10|9|10|9|10|9|10|9|10|9|10|9|10|9|10|9|10|9|10|9|10|9|10|9|10|9|10|9|10|9|10|9|10|9|10|9|10|9|10|9|10|9|10|9|10|9|10|9|10|9|10|9|10|9|10|9|
31|33|32|27|26|14|13|12|11|10|9|10|9|10|9|10|9|10|9|10|9|10|9|10|9|10|9|10|9|10|9|10|9|10|9|10|9|10|9|10|9|10|9|10|9|10|9|10|9|10|9|10|9|10|9|10|9|10|9|10|9|10|9|10|9|10|9|10|9|10|9|10|9|10|9|10|9|10|9|10|9|10|9|10|9|10|9|10|9|10|9|10|9|10|9|10|9|10|9|10|
43|31|33|32|27|26|14|13|12|11|10|9|10|9|10|9|10|9|10|9|10|9|10|9|10|9|10|9|10|9|10|9|10|9|10|9|10|9|10|9|10|9|10|9|10|9|10|9|10|9|10|9|10|9|10|9|10|9|10|9|10|9|10|9|10|9|10|9|10|9|10|9|10|9|10|9|10|9|10|9|10|9|10|9|10|9|10|9|10|9|10|9|10|9|10|9|10|9|10|9|
35|34|32|27|26|14|13|12|11|10|9|10|9|10|9|10|9|10|9|10|9|10|9|10|9|10|9|10|9|10|9|10|9|10|9|10|9|10|9|10|9|10|9|10|9|10|9|10|9|10|9|10|9|10|9|10|9|10|9|10|9|10|9|10|9|10|9|10|9|10|9|10|9|10|9|10|9|10|9|10|9|10|9|10|9|10|9|10|9|10|9|10|9|10|9|10|9|10|9|10|
19|7|8|7|8|7|8|7|8|7|8|7|8|7|8|7|8|7|8|7|8|7|8|7|8|7|8|7|8|7|8|7|8|7|8|7|8|7|8|7|8|7|8|7|8|7|8|7|8|7|8|7|8|7|8|7|8|7|8|7|8|7|8|7|8|7|8|7|8|7|8|7|8|7|8|7|8|7|8|7|8|7|8|7|8|7|8|7|8|7|8|7|8|7|8|7|8|7|8|7|
9|10|9|10|9|10|9|10|9|10|9|10|9|10|9|10|9|10|9|10|9|10|9|10|9|10|9|10|9|10|9|10|9|10|9|10|9|10|9|10|9|10|9|10|9|10|9|10|9|10|9|10|9|10|9|10|9|10|9|10|9|10|9|10|9|10|9|10|9|10|9|10|9|10|9|10|9|10|9|10|9|10|9|10|9|10|9|10|9|10|9|10|9|10|9|10|9|10|9|10|
48|39|38|37|34|32|27|26|14|13|12|11|10|9|10|9|10|9|10|9|10|9|10|9|10|9|10|9|10|9|10|9|10|9|10|9|10|9|10|9|10|9|10|9|10|9|10|9|10|9|10|9|10|9|10|9|10|9|10|9|10|9|10|9|10|9|10|9|10|9|10|9|10|9|10|9|10|9|10|9|10|9|10|9|10|9|10|9|10|9|10|9|10|9|10|9|10|9|10|9|
21|20|17|15|14|13|12|11|10|9|10|9|10|9|10|9|10|9|10|9|10|9|10|9|10|9|10|9|10|9|10|9|10|9|10|9|10|9|10|9|10|9|10|9|10|9|10|9|10|9|10|9|10|9|10|9|10|9|10|9|10|9|10|9|10|9|10|9|10|9|10|9|10|9|10|9|10|9|10|9|10|9|10|9|10|9|10|9|10|9|10|9|10|9|10|9|10|9|10|9|
44|36|35|34|32|27|26|14|13|12|11|10|9|10|9|10|9|10|9|10|9|10|9|10|9|10|9|10|9|10|9|10|9|10|9|10|9|10|9|10|9|10|9|10|9|10|9|10|9|10|9|10|9|10|9|10|9|10|9|10|9|10|9|10|9|10|9|10|9|10|9|10|9|10|9|10|9|10|9|10|9|10|9|10|9|10|9|10|9|10|9|10|9|10|9|10|9|10|9|10|
41|21|20|17|15|14|13|12|11|10|9|10|9|10|9|10|9|10|9|10|9|10|9|10|9|10|9|10|9|10|9|10|9|10|9|10|9|10|9|10|9|10|9|10|9|10|9|10|9|10|9|10|9|10|9|10|9|10|9|10|9|10|9|10|9|10|9|10|9|10|9|10|9|10|9|10|9|10|9|10|9|10|9|10|9|10|9|10|9|10|9|10|9|10|9|10|9|10|9|10|
15|14|13|12|11|10|9|10|9|10|9|10|9|10|9|10|9|10|9|10|9|10|9|10|9|10|9|10|9|10|9|10|9|10|9|10|9|10|9|10|9|10|9|10|9|10|9|10|9|10|9|10|9|10|9|10|9|10|9|10|9|10|9|10|9|10|9|10|9|10|9|10|9|10|9|10|9|10|9|10|9|10|9|10|9|10|9|10|9|10|9|10|9|10|9|10|9|10|9|10|
8|7|8|7|8|7|8|7|8|7|8|7|8|7|8|7|8|7|8|7|8|7|8|7|8|7|8|7|8|7|8|7|8|7|8|7|8|7|8|7|8|7|8|7|8|7|8|7|8|7|8|7|8|7|8|7|8|7|8|7|8|7|8|7|8|7|8|7|8|7|8|7|8|7|8|7|8|7|8|7|8|7|8|7|8|7|8|7|8|7|8|7|8|7|8|7|8|7|8|7|
15|14|13|12|11|10|9|10|9|10|9|10|9|10|9|10|9|10|9|10|9|10|9|10|9|10|9|10|9|10|9|10|9|10|9|10|9|10|9|10|9|10|9|10|9|10|9|10|9|10|9|10|9|10|9|10|9|10|9|10|9|10|9|10|9|10|9|10|9|10|9|10|9|10|9|10|9|10|9|10|9|10|9|10|9|10|9|10|9|10|9|10|9|10|9|10|9|10|9|10|
2|1|25|0|25|1|2|3|4|5|4|3|2|1|25|0|25|1|2|3|4|5|4|3|2|1|25|0|25|1|2|3|4|5|4|3|2|1|25|0|25|1|2|3|4|5|4|3|2|1|25|0|25|1|2|3|4|5|4|3|2|1|25|0|25|1|2|3|4|5|4|3|2|1|25|0|25|1|2|3|4|5|4|3|2|1|25|0|25|1|2|3|4|5|4|3|2|1|25|0|
44|36|35|34|32|27|26|14|13|12|11|10|9|10|9|10|9|10|9|10|9|10|9|10|9|10|9|10|9|10|9|10|9|10|9|10|9|10|9|10|9|10|9|10|9|10|9|10|9|10|9|10|9|10|9|10|9|10|9|10|9|10|9|10|9|10|9|10|9|10|9|10|9|10|9|10|9|10|9|10|9|10|9|10|9|10|9|10|9|10|9|10|9|10|9|10|9|10|9|10|
5|4|3|2|1|25|0|25|1|2|3|4|5|4|3|2|1|25|0|25|1|2|3|4|5|4|3|2|1|25|0|25|1|2|3|4|5|4|3|2|1|25|0|25|1|2|3|4|5|4|3|2|1|25|0|25|1|2|3|4|5|4|3|2|1|25|0|25|1|2|3|4|5|4|3|2|1|25|0|25|1|2|3|4|5|4|3|2|1|25|0|25|1|2|3|4|5|4|3|2|
13|12|11|10|9|10|9|10|9|10|9|10|9|10|9|10|9|10|9|10|9|10|9|10|9|10|9|10|9|10|9|10|9|10|9|10|9|10|9|10|9|10|9|10|9|10|9|10|9|10|9|10|9|10|9|10|9|10|9|10|9|10|9|10|9|10|9|10|9|10|9|10|9|10|9|10|9|10|9|10|9|10|9|10|9|10|9|10|9|10|9|10|9|10|9|10|9|10|9|10|
16|11|10|9|10|9|10|9|10|9|10|9|10|9|10|9|10|9|10|9|10|9|10|9|10|9|10|9|10|9|10|9|10|9|10|9|10|9|10|9|10|9|10|9|10|9|10|9|10|9|10|9|10|9|10|9|10|9|10|9|10|9|10|9|10|9|10|9|10|9|10|9|10|9|10|9|10|9|10|9|10|9|10|9|10|9|10|9|10|9|10|9|10|9|10|9|10|9|10|9|
13|12|11|10|9|10|9|10|9|10|9|10|9|10|9|10|9|10|9|10|9|10|9|10|9|10|9|10|9|10|9|10|9|10|9|10|9|10|9|10|9|10|9|10|9|10|9|10|9|10|9|10|9|10|9|10|9|10|9|10|9|10|9|10|9|10|9|10|9|10|9|10|9|10|9|10|9|10|9|10|9|10|9|10|9|10|9|10|9|10|9|10|9|10|9|10|9|10|9|10|
55|54|49|51|50|37|34|32|27|26|14|13|12|11|10|9|10|9|10|9|10|9|10|9|10|9|10|9|10|9|10|9|10|9|10|9|10|9|10|9|10|9|10|9|10|9|10|9|10|9|10|9|10|9|10|9|10|9|10|9|10|9|10|9|10|9|10|9|10|9|10|9|10|9|10|9|10|9|10|9|10|9|10|9|10|9|10|9|10|9|10|9|10|9|10|9|10|9|10|9|
19|7|8|7|8|7|8|7|8|7|8|7|8|7|8|7|8|7|8|7|8|7|8|7|8|7|8|7|8|7|8|7|8|7|8|7|8|7|8|7|8|7|8|7|8|7|8|7|8|7|8|7|8|7|8|7|8|7|8|7|8|7|8|7|8|7|10|11|16|15|17|20|21|23|21|23|21|23|21|23|21|23|21|23|21|23|21|23|21|23|21|23|21|23|21|23|21|23|21|23|
52|53|52|53|52|53|52|53|52|53|52|53|52|53|52|53|52|53|52|53|52|53|52|53|52|53|52|53|52|53|52|53|52|53|52|53|52|53|52|53|52|53|52|53|52|53|52|53|52|53|52|53|52|53|52|53|52|53|52|53|52|53|52|53|52|53|52|53|52|53|52|53|52|53|52|53|52|53|52|53|52|53|52|53|52|53|52|53|52|53|52|53|52|53|52|53|52|53|52|53|
30|29|31|36|39|48|47|52|53|52|53|52|53|52|53|52|53|52|53|52|53|52|53|52|53|52|53|52|53|52|53|52|53|52|53|52|53|52|53|52|53|52|53|52|53|52|53|52|53|52|53|52|53|52|53|52|53|52|53|52|53|52|53|52|53|52|53|52|53|52|53|52|53|52|53|52|53|52|53|52|53|52|53|52|53|52|53|52|53|52|53|52|53|52|53|52|53|52|53|52|
35|36|39|48|47|52|53|52|53|52|53|52|53|52|53|52|53|52|53|52|53|52|53|52|53|52|53|52|53|52|53|52|53|52|53|52|53|52|53|52|53|52|53|52|53|52|53|52|53|52|53|52|53|52|53|52|53|52|53|52|53|52|53|52|53|52|53|52|53|52|53|52|53|52|53|52|53|52|53|52|53|52|53|52|53|52|53|52|53|52|53|52|53|52|53|52|53|52|53|52|
23|21|23|21|23|21|23|21|23|21|23|21|23|21|23|21|23|21|23|21|23|21|23|21|23|21|23|21|23|21|23|21|23|21|23|21|23|21|23|21|23|21|23|21|23|21|23|21|23|21|23|21|23|21|23|21|23|21|23|21|23|21|23|21|23|21|23|21|23|21|23|21|23|21|23|21|23|21|23|21|23|21|23|21|23|21|23|21|23|21|23|21|23|21|23|21|23|21|23|21|
47|52|53|52|53|52|53|52|53|52|53|52|53|52|53|52|53|52|53|52|53|52|53|52|53|52|53|52|53|52|53|52|53|52|53|52|53|52|53|52|53|52|53|52|53|52|53|52|53|52|53|52|53|52|53|52|53|52|53|52|53|52|53|52|53|52|53|52|53|52|53|52|53|52|53|52|53|52|53|52|53|52|53|52|53|52|53|52|53|52|53|52|53|52|53|52|53|52|53|52|
44|45|47|52|53|52|53|52|53|52|53|52|53|52|53|52|53|52|53|52|53|52|53|52|53|52|53|52|53|52|53|52|53|52|53|52|53|52|53|52|53|52|53|52|53|52|53|52|53|52|53|52|53|52|53|52|53|52|53|52|53|52|53|52|53|52|53|52|53|52|53|52|53|52|53|52|53|52|53|52|53|52|53|52|53|52|53|52|53|52|53|52|53|52|53|52|53|52|53|52|
4|5|23|21|23|21|23|21|23|21|23|21|23|21|23|21|23|21|23|21|23|21|23|21|23|21|23|21|23|21|23|21|23|21|23|21|23|21|23|21|23|21|23|21|23|21|23|21|23|21|23|21|23|21|23|21|23|21|23|21|23|21|23|21|23|21|23|21|23|21|23|21|23|21|23|21|23|21|23|21|23|21|23|21|23|21|23|21|23|21|23|21|23|21|23|21|23|21|23|21|
33|32|34|37|50|56|57|58|59|58|59|58|59|58|59|58|59|58|59|58|59|58|59|58|59|58|59|58|59|58|59|58|59|58|59|58|59|58|59|58|59|58|59|58|59|58|59|58|59|58|59|58|59|58|59|58|59|58|59|58|59|58|59|58|59|58|59|58|59|58|59|58|59|58|59|58|59|58|59|58|59|58|59|58|59|58|59|58|59|58|59|58|59|58|59|58|59|58|59|58|
38|39|48|47|52|53|52|53|52|53|52|53|52|53|52|53|52|53|52|53|52|53|52|53|52|53|52|53|52|53|52|53|52|53|52|53|52|53|52|53|52|53|52|53|52|53|52|53|52|53|52|53|52|53|52|53|52|53|52|53|52|53|52|53|52|53|52|53|52|53|52|53|52|53|52|53|52|53|52|53|52|53|52|53|52|53|52|53|52|53|52|53|52|53|52|53|52|53|52|53|
21|23|21|23|21|23|21|23|21|23|21|23|21|23|21|23|21|23|21|23|21|23|21|23|21|23|21|23|21|23|21|23|21|23|21|23|21|23|21|23|21|23|21|23|21|23|21|23|21|23|21|23|21|23|21|23|21|23|21|23|21|23|21|23|21|23|21|23|21|23|21|23|21|23|21|23|21|23|21|23|21|23|21|23|21|23|21|23|21|23|21|23|21|23|21|23|21|23|21|23|
14|26|27|32|34|37|50|56|57|58|59|58|59|58|59|58|59|58|59|58|59|58|59|58|59|58|59|58|59|58|59|58|59|58|59|58|59|58|59|58|59|58|59|58|59|58|59|58|59|58|59|58|59|58|59|58|59|58|59|58|59|58|59|58|59|58|59|58|59|58|59|58|59|58|59|58|59|58|59|58|59|58|59|58|59|58|59|58|59|58|59|58|59|58|59|58|59|58|59|58|
54|59|58|59|58|59|58|59|58|59|58|59|58|59|58|59|58|59|58|59|58|59|58|59|58|59|58|59|58|59|58|59|58|59|58|59|58|59|58|59|58|59|58|59|58|59|58|59|58|59|58|59|58|59|58|59|58|59|58|59|58|59|58|59|58|59|58|59|58|59|58|59|58|59|58|59|58|59|58|59|58|59|58|59|58|59|58|59|58|59|58|59|58|59|58|59|58|59|58|59|
20|21|23|21|23|21|23|21|23|21|23|21|23|21|23|21|23|21|23|21|23|21|23|21|23|21|23|21|23|21|23|21|23|21|23|21|23|21|23|21|23|21|23|21|23|21|23|21|23|21|23|21|23|21|23|21|23|21|23|21|23|21|23|21|23|21|23|21|23|21|23|21|23|21|23|21|23|21|23|21|23|21|23|21|23|21|23|21|23|21|23|21|23|21|23|21|23|21|23|21|
40|41|42|45|47|52|53|52|53|52|53|52|53|52|53|52|53|52|53|52|53|52|53|52|53|52|53|52|53|52|53|52|53|52|53|52|53|52|53|52|53|52|53|52|53|52|53|52|53|52|53|52|53|52|53|52|53|52|53|52|53|52|53|52|53|52|53|52|53|52|53|52|53|52|53|52|53|52|53|52|53|52|53|52|53|52|53|52|53|52|53|52|53|52|53|52|53|52|53|52|
26|27|32|34|37|50|56|57|58|59|58|59|58|59|58|59|58|59|58|59|58|59|58|59|58|59|58|59|58|59|58|59|58|59|58|59|58|59|58|59|58|59|58|59|58|59|58|59|58|59|58|59|58|59|58|59|58|59|58|59|58|59|58|59|58|59|58|59|58|59|58|59|58|59|58|59|58|59|58|59|58|59|58|59|58|59|58|59|58|59|58|59|58|59|58|59|58|59|58|59|
25|1|25|1|25|1|25|1|25|1|25|1|25|1|25|1|25|1|25|1|25|1|25|1|25|1|25|1|25|1|25|1|25|1|25|1|25|1|25|1|25|1|25|1|25|1|25|1|25|1|25|1|25|1|25|1|25|1|25|1|25|1|25|1|25|1|25|1|25|1|25|1|25|1|25|1|25|1|25|1|25|1|25|1|25|1|25|1|25|1|25|1|25|1|25|1|25|1|25|1|
14|26|27|32|34|37|50|56|57|58|59|58|59|58|59|58|59|58|59|58|59|58|59|58|59|58|59|58|59|58|59|58|59|58|59|58|59|58|59|58|59|58|59|58|59|58|59|58|59|58|59|58|59|58|59|58|59|58|59|58|59|58|59|58|59|58|59|58|59|58|59|58|59|58|59|58|59|58|59|58|59|58|59|58|59|58|59|58|59|58|59|58|59|58|59|58|59|58|59|58|
13|14|26|27|32|34|37|50|56|57|58|59|58|59|58|59|58|59|58|59|58|59|58|59|58|59|58|59|58|59|58|59|58|59|58|59|58|59|58|59|58|59|58|59|58|59|58|59|58|59|58|59|58|59|58|59|58|59|58|59|58|59|58|59|58|59|58|59|58|59|58|59|58|59|58|59|58|59|58|59|58|59|58|59|58|59|58|59|58|59|58|59|58|59|58|59|58|59|58|59|