10|7|6|5|4|3|2|1|2|1|0|25|0|25|1|2|1|2|0|25|0|25|1|2|1|2|0|25|0|25|1|2|1|2|0|25|0|25|1|2|1|2|0|25|0|25|1|2|1|2|0|25|0|25|1|2|1|2|0|25|0|25|1|2|1|2|0|25|0|25|1|2|1|2|0|25|0|25|1|2|1|2|0|25|0|25|1|2|1|2|0|25|0|25|1|2|1|2|0|25|
53|49|39|36|31|29|28|27|26|14|13|12|11|10|7|6|5|4|3|2|1|2|1|0|25|0|25|1|2|1|2|0|25|0|25|1|2|1|2|0|25|0|25|1|2|1|2|0|25|0|25|1|2|1|2|0|25|0|25|1|2|1|2|0|25|0|25|1|2|1|2|0|25|0|25|1|2|1|2|0|25|0|25|1|2|1|2|0|25|0|25|1|2|1|2|0|25|0|25|1|
50|37|34|32|27|26|14|13|12|11|10|7|6|5|4|3|2|1|2|1|0|25|0|25|1|2|1|2|0|25|0|25|1|2|1|2|0|25|0|25|1|2|1|2|0|25|0|25|1|2|1|2|0|25|0|25|1|2|1|2|0|25|0|25|1|2|1|2|0|25|0|25|1|2|1|2|0|25|0|25|1|2|1|2|0|25|0|25|1|2|1|2|0|25|0|25|1|2|1|2|
38|37|34|32|27|26|14|13|12|11|10|7|6|5|4|3|2|1|2|1|0|25|0|25|1|2|1|2|0|25|0|25|1|2|1|2|0|25|0|25|1|2|1|2|0|25|0|25|1|2|1|2|0|25|0|25|1|2|1|2|0|25|0|25|1|2|1|2|0|25|0|25|1|2|1|2|0|25|0|25|1|2|1|2|0|25|0|25|1|2|1|2|0|25|0|25|1|2|1|2|
43|31|29|28|27|26|14|13|12|11|10|7|6|5|4|3|2|1|2|1|0|25|0|25|1|2|1|2|0|25|0|25|1|2|1|2|0|25|0|25|1|2|1|2|0|25|0|25|1|2|1|2|0|25|0|25|1|2|1|2|0|25|0|25|1|2|1|2|0|25|0|25|1|2|1|2|0|25|0|25|1|2|1|2|0|25|0|25|1|2|1|2|0|25|0|25|1|2|1|2|
0|25|0|25|1|2|1|2|0|25|0|25|1|2|1|2|0|25|0|25|1|2|1|2|0|25|0|25|1|2|1|2|0|25|0|25|1|2|1|2|0|25|0|25|1|2|1|2|0|25|0|25|1|2|1|2|0|25|0|25|1|2|1|2|0|25|0|25|1|2|1|2|0|25|0|25|1|2|1|2|0|25|0|25|1|2|1|2|0|25|0|25|1|2|1|2|0|25|0|25|
18|0|25|0|25|1|2|1|2|0|25|0|25|1|2|1|2|0|25|0|25|1|2|1|2|0|25|0|25|1|2|1|2|0|25|0|25|1|2|1|2|0|25|0|25|1|2|1|2|0|25|0|25|1|2|1|2|0|25|0|25|1|2|1|2|0|25|0|25|1|2|1|2|0|25|0|25|1|2|1|2|0|25|0|25|1|2|1|2|0|25|0|25|1|2|1|2|0|25|0|
5|4|3|2|1|2|1|0|25|0|25|1|2|1|2|0|25|0|25|1|2|1|2|0|25|0|25|1|2|1|2|0|25|0|25|1|2|1|2|0|25|0|25|1|2|1|2|0|25|0|25|1|2|1|2|0|25|0|25|1|2|1|2|0|25|0|25|1|2|1|2|0|25|0|25|1|2|1|2|0|25|0|25|1|2|1|2|0|25|0|25|1|2|1|2|0|25|0|25|1|
10|7|6|5|4|3|2|1|2|1|0|25|0|25|1|2|1|2|0|25|0|25|1|2|1|2|0|25|0|25|1|2|1|2|0|25|0|25|1|2|1|2|0|25|0|25|1|2|1|2|0|25|0|25|1|2|1|2|0|25|0|25|1|2|1|2|0|25|0|25|1|2|1|2|0|25|0|25|1|2|1|2|0|25|0|25|1|2|1|2|0|25|0|25|1|2|1|2|0|25|
37|34|32|27|26|14|13|12|11|10|7|6|5|4|3|2|1|2|1|0|25|0|25|1|2|1|2|0|25|0|25|1|2|1|2|0|25|0|25|1|2|1|2|0|25|0|25|1|2|1|2|0|25|0|25|1|2|1|2|0|25|0|25|1|2|1|2|0|25|0|25|1|2|1|2|0|25|0|25|1|2|1|2|0|25|0|25|1|2|1|2|0|25|0|25|1|2|1|2|0|
5|4|3|2|1|2|1|0|25|0|25|1|2|1|2|0|25|0|25|1|2|1|2|0|25|0|25|1|2|1|2|0|25|0|25|1|2|1|2|0|25|0|25|1|2|1|2|0|25|0|25|1|2|1|2|0|25|0|25|1|2|1|2|0|25|0|25|1|2|1|2|0|25|0|25|1|2|1|2|0|25|0|25|1|2|1|2|0|25|0|25|1|2|1|2|0|25|0|25|1|
9|10|7|6|5|4|3|2|1|2|1|0|25|0|25|1|2|1|2|0|25|0|25|1|2|1|2|0|25|0|25|1|2|1|2|0|25|0|25|1|2|1|2|0|25|0|25|1|2|1|2|0|25|0|25|1|2|1|2|0|25|0|25|1|2|1|2|0|25|0|25|1|2|1|2|0|25|0|25|1|2|1|2|0|25|0|25|1|2|1|2|0|25|0|25|1|2|1|2|0|
28|27|26|14|13|12|11|10|7|6|5|4|3|2|1|2|1|0|25|0|25|1|2|1|2|0|25|0|25|1|2|1|2|0|25|0|25|1|2|1|2|0|25|0|25|1|2|1|2|0|25|0|25|1|2|1|2|0|25|0|25|1|2|1|2|0|25|0|25|1|2|1|2|0|25|0|25|1|2|1|2|0|25|0|25|1|2|1|2|0|25|0|25|1|2|1|2|0|25|0|
31|29|28|27|26|14|13|12|11|10|7|6|5|4|3|2|1|2|1|0|25|0|25|1|2|1|2|0|25|0|25|1|2|1|2|0|25|0|25|1|2|1|2|0|25|0|25|1|2|1|2|0|25|0|25|1|2|1|2|0|25|0|25|1|2|1|2|0|25|0|25|1|2|1|2|0|25|0|25|1|2|1|2|0|25|0|25|1|2|1|2|0|25|0|25|1|2|1|2|0|
13|12|11|10|7|6|5|4|3|2|1|2|1|0|25|0|25|1|2|1|2|0|25|0|25|1|2|1|2|0|25|0|25|1|2|1|2|0|25|0|25|1|2|1|2|0|25|0|25|1|2|1|2|0|25|0|25|1|2|1|2|0|25|0|25|1|2|1|2|0|25|0|25|1|2|1|2|0|25|0|25|1|2|1|2|0|25|0|25|1|2|1|2|0|25|0|25|1|2|1|
23|5|4|3|2|1|2|1|0|25|0|25|1|2|1|2|0|25|0|25|1|2|1|2|0|25|0|25|1|2|1|2|0|25|0|25|1|2|1|2|0|25|0|25|1|2|1|2|0|25|0|25|1|2|1|2|0|25|0|25|1|2|1|2|0|25|0|25|1|2|1|2|0|25|0|25|1|2|1|2|0|25|0|25|1|2|1|2|0|25|0|25|1|2|1|2|0|25|0|25|
36|31|29|28|27|26|14|13|12|11|10|7|6|5|4|3|2|1|2|1|0|25|0|25|1|2|1|2|0|25|0|25|1|2|1|2|0|25|0|25|1|2|1|2|0|25|0|25|1|2|1|2|0|25|0|25|1|2|1|2|0|25|0|25|1|2|1|2|0|25|0|25|1|2|1|2|0|25|0|25|1|2|1|2|0|25|0|25|1|2|1|2|0|25|0|25|1|2|1|2|
39|36|31|29|28|27|26|14|13|12|11|10|7|6|5|4|3|2|1|2|1|0|25|0|25|1|2|1|2|0|25|0|25|1|2|1|2|0|25|0|25|1|2|1|2|0|25|0|25|1|2|1|2|0|25|0|25|1|2|1|2|0|25|0|25|1|2|1|2|0|25|0|25|1|2|1|2|0|25|0|25|1|2|1|2|0|25|0|25|1|2|1|2|0|25|0|25|1|2|1|
23|5|4|3|2|1|2|1|0|25|0|25|1|2|1|2|0|25|0|25|1|2|1|2|0|25|0|25|1|2|1|2|0|25|0|25|1|2|1|2|0|25|0|25|1|2|1|2|0|25|0|25|1|2|1|2|0|25|0|25|1|2|1|2|0|25|0|25|1|2|1|2|0|25|0|25|1|2|1|2|0|25|0|25|1|2|1|2|0|25|0|25|1|2|1|2|0|25|0|25|
58|57|56|50|37|34|32|27|26|14|13|12|11|10|7|6|5|4|3|2|1|2|1|0|25|0|25|1|2|1|2|0|25|0|25|1|2|1|2|0|25|0|25|1|2|1|2|0|25|0|25|1|2|1|2|0|25|0|25|1|2|1|2|0|25|0|25|1|2|1|2|0|25|0|25|1|2|1|2|0|25|0|25|1|2|1|2|0|25|0|25|1|2|1|2|0|25|0|25|1|
25|0|25|0|25|1|2|1|2|0|25|0|25|1|2|1|2|0|25|0|25|1|2|1|2|0|25|0|25|1|2|1|2|0|25|0|25|1|2|1|2|0|25|0|25|1|2|1|2|0|25|0|25|1|2|1|2|0|25|0|25|1|2|1|2|0|25|0|25|1|2|1|2|0|25|0|25|1|2|1|2|0|25|0|25|1|2|1|2|0|25|0|25|1|2|1|2|0|25|0|
20|17|10|7|6|5|4|3|2|1|2|1|0|25|0|25|1|2|1|2|0|25|0|25|1|2|1|2|0|25|0|25|1|2|1|2|0|25|0|25|1|2|1|2|0|25|0|25|1|2|1|2|0|25|0|25|1|2|1|2|0|25|0|25|1|2|1|2|0|25|0|25|1|2|1|2|0|25|0|25|1|2|1|2|0|25|0|25|1|2|1|2|0|25|0|25|1|2|1|2|
13|12|11|10|7|6|5|4|3|2|1|2|1|0|25|0|25|1|2|1|2|0|25|0|25|1|2|1|2|0|25|0|25|1|2|1|2|0|25|0|25|1|2|1|2|0|25|0|25|1|2|1|2|0|25|0|25|1|2|1|2|0|25|0|25|1|2|1|2|0|25|0|25|1|2|1|2|0|25|0|25|1|2|1|2|0|25|0|25|1|2|1|2|0|25|0|25|1|2|1|
27|26|14|13|12|11|10|7|6|5|4|3|2|1|2|1|0|25|0|25|1|2|1|2|0|25|0|25|1|2|1|2|0|25|0|25|1|2|1|2|0|25|0|25|1|2|1|2|0|25|0|25|1|2|1|2|0|25|0|25|1|2|1|2|0|25|0|25|1|2|1|2|0|25|0|25|1|2|1|2|0|25|0|25|1|2|1|2|0|25|0|25|1|2|1|2|0|25|0|25|
10|7|6|5|4|3|2|1|2|1|0|25|0|25|1|2|1|2|0|25|0|25|1|2|1|2|0|25|0|25|1|2|1|2|0|25|0|25|1|2|1|2|0|25|0|25|1|2|1|2|0|25|0|25|1|2|1|2|0|25|0|25|1|2|1|2|0|25|0|25|1|2|1|2|0|25|0|25|1|2|1|2|0|25|0|25|1|2|1|2|0|25|0|25|1|2|1|2|0|25|
33|31|29|28|27|26|14|13|12|11|10|7|6|5|4|3|2|1|2|1|0|25|0|25|1|2|1|2|0|25|0|25|1|2|1|2|0|25|0|25|1|2|1|2|0|25|0|25|1|2|1|2|0|25|0|25|1|2|1|2|0|25|0|25|1|2|1|2|0|25|0|25|1|2|1|2|0|25|0|25|1|2|1|2|0|25|0|25|1|2|1|2|0|25|0|25|1|2|1|2|
42|41|21|6|5|4|3|2|1|2|1|0|25|0|25|1|2|1|2|0|25|0|25|1|2|1|2|0|25|0|25|1|2|1|2|0|25|0|25|1|2|1|2|0|25|0|25|1|2|1|2|0|25|0|25|1|2|1|2|0|25|0|25|1|2|1|2|0|25|0|25|1|2|1|2|0|25|0|25|1|2|1|2|0|25|0|25|1|2|1|2|0|25|0|25|1|2|1|2|0|
46|0|25|0|25|1|2|1|2|0|25|0|25|1|2|1|2|0|25|0|25|1|2|1|2|0|25|0|25|1|2|1|2|0|25|0|25|1|2|1|2|0|25|0|25|1|2|1|2|0|25|0|25|1|2|1|2|0|25|0|25|1|2|1|2|0|25|0|25|1|2|1|2|0|25|0|25|1|2|1|2|0|25|0|25|1|2|1|2|0|25|0|25|1|2|1|2|0|25|0|
42|41|21|6|5|4|3|2|1|2|1|0|25|0|25|1|2|1|2|0|25|0|25|1|2|1|2|0|25|0|25|1|2|1|2|0|25|0|25|1|2|1|2|0|25|0|25|1|2|1|2|0|25|0|25|1|2|1|2|0|25|0|25|1|2|1|2|0|25|0|25|1|2|1|2|0|25|0|25|1|2|1|2|0|25|0|25|1|2|1|2|0|25|0|25|1|2|1|2|0|
16|11|10|7|6|5|4|3|2|1|2|1|0|25|0|25|1|2|1|2|0|25|0|25|1|2|1|2|0|25|0|25|1|2|1|2|0|25|0|25|1|2|1|2|0|25|0|25|1|2|1|2|0|25|0|25|1|2|1|2|0|25|0|25|1|2|1|2|0|25|0|25|1|2|1|2|0|25|0|25|1|2|1|2|0|25|0|25|1|2|1|2|0|25|0|25|1|2|1|2|
11|10|7|6|5|4|3|2|1|2|1|0|25|0|25|1|2|1|2|0|25|0|25|1|2|1|2|0|25|0|25|1|2|1|2|0|25|0|25|1|2|1|2|0|25|0|25|1|2|1|2|0|25|0|25|1|2|1|2|0|25|0|25|1|2|1|2|0|25|0|25|1|2|1|2|0|25|0|25|1|2|1|2|0|25|0|25|1|2|1|2|0|25|0|25|1|2|1|2|0|
8|7|6|5|4|3|2|1|2|1|0|25|0|25|1|2|1|2|0|25|0|25|1|2|1|2|0|25|0|25|1|2|1|2|0|25|0|25|1|2|1|2|0|25|0|25|1|2|1|2|0|25|0|25|1|2|1|2|0|25|0|25|1|2|1|2|0|25|0|25|1|2|1|2|0|25|0|25|1|2|1|2|0|25|0|25|1|2|1|2|0|25|0|25|1|2|1|2|0|25|
16|11|10|7|6|5|4|3|2|1|2|1|0|25|0|25|1|2|1|2|0|25|0|25|1|2|1|2|0|25|0|25|1|2|1|2|0|25|0|25|1|2|1|2|0|25|0|25|1|2|1|2|0|25|0|25|1|2|1|2|0|25|0|25|1|2|1|2|0|25|0|25|1|2|1|2|0|25|0|25|1|2|1|2|0|25|0|25|1|2|1|2|0|25|0|25|1|2|1|2|
42|41|21|6|5|4|3|2|1|2|1|0|25|0|25|1|2|1|2|0|25|0|25|1|2|1|2|0|25|0|25|1|2|1|2|0|25|0|25|1|2|1|2|0|25|0|25|1|2|1|2|0|25|0|25|1|2|1|2|0|25|0|25|1|2|1|2|0|25|0|25|1|2|1|2|0|25|0|25|1|2|1|2|0|25|0|25|1|2|1|2|0|25|0|25|1|2|1|2|0|
2|1|2|1|0|25|0|25|1|2|1|2|0|25|0|25|1|2|1|2|0|25|0|25|1|2|1|2|0|25|0|25|1|2|1|2|0|25|0|25|1|2|1|2|0|25|0|25|1|2|1|2|0|25|0|25|1|2|1|2|0|25|0|25|1|2|1|2|0|25|0|25|1|2|1|2|0|25|0|25|1|2|1|2|0|25|0|25|1|2|1|2|0|25|0|25|1|2|1|2|
56|50|37|34|32|27|26|14|13|12|11|10|7|6|5|4|3|2|1|2|1|0|25|0|25|1|2|1|2|0|25|0|25|1|2|1|2|0|25|0|25|1|2|1|2|0|25|0|25|1|2|1|2|0|25|0|25|1|2|1|2|0|25|0|25|1|2|1|2|0|25|0|25|1|2|1|2|0|25|0|25|1|2|1|2|0|25|0|25|1|2|1|2|0|25|0|25|1|2|1|
33|31|29|28|27|26|14|13|12|11|10|7|6|5|4|3|2|1|2|1|0|25|0|25|1|2|1|2|0|25|0|25|1|2|1|2|0|25|0|25|1|2|1|2|0|25|0|25|1|2|1|2|0|25|0|25|1|2|1|2|0|25|0|25|1|2|1|2|0|25|0|25|1|2|1|2|0|25|0|25|1|2|1|2|0|25|0|25|1|2|1|2|0|25|0|25|1|2|1|2|
16|11|10|7|6|5|4|3|2|1|2|1|0|25|0|25|1|2|1|2|0|25|0|25|1|2|1|2|0|25|0|25|1|2|1|2|0|25|0|25|1|2|1|2|0|25|0|25|1|2|1|2|0|25|0|25|1|2|1|2|0|25|0|25|1|2|1|2|0|25|0|25|1|2|1|2|0|25|0|25|1|2|1|2|0|25|0|25|1|2|1|2|0|25|0|25|1|2|1|2|
3|2|1|2|1|0|25|0|25|1|2|1|2|0|25|0|25|1|2|1|2|0|25|0|25|1|2|1|2|0|25|0|25|1|2|1|2|0|25|0|25|1|2|1|2|0|25|0|25|1|2|1|2|0|25|0|25|1|2|1|2|0|25|0|25|1|2|1|2|0|25|0|25|1|2|1|2|0|25|0|25|1|2|1|2|0|25|0|25|1|2|1|2|0|25|0|25|1|2|1|
27|26|14|13|12|11|10|7|6|5|4|3|2|1|2|1|0|25|0|25|1|2|1|2|0|25|0|25|1|2|1|2|0|25|0|25|1|2|1|2|0|25|0|25|1|2|1|2|0|25|0|25|1|2|1|2|0|25|0|25|1|2|1|2|0|25|0|25|1|2|1|2|0|25|0|25|1|2|1|2|0|25|0|25|1|2|1|2|0|25|0|25|1|2|1|2|0|25|0|25|
31|29|28|27|26|14|13|12|11|10|7|6|5|4|3|2|1|2|1|0|25|0|25|1|2|1|2|0|25|0|25|1|2|1|2|0|25|0|25|1|2|1|2|0|25|0|25|1|2|1|2|0|25|0|25|1|2|1|2|0|25|0|25|1|2|1|2|0|25|0|25|1|2|1|2|0|25|0|25|1|2|1|2|0|25|0|25|1|2|1|2|0|25|0|25|1|2|1|2|0|
1|2|1|2|0|25|0|25|1|2|1|2|0|25|0|25|1|2|1|2|0|25|0|25|1|2|1|2|0|25|0|25|1|2|1|2|0|25|0|25|1|2|1|2|0|25|0|25|1|2|1|2|0|25|0|25|1|2|1|2|0|25|0|25|1|2|1|2|0|25|0|25|1|2|1|2|0|25|0|25|1|2|1|2|0|25|0|25|1|2|1|2|0|25|0|25|1|2|1|2|
22|0|25|0|25|1|2|1|2|0|25|0|25|1|2|1|2|0|25|0|25|1|2|1|2|0|25|0|25|1|2|1|2|0|25|0|25|1|2|1|2|0|25|0|25|1|2|1|2|0|25|0|25|1|2|1|2|0|25|0|25|1|2|1|2|0|25|0|25|1|2|1|2|0|25|0|25|1|2|1|2|0|25|0|25|1|2|1|2|0|25|0|25|1|2|1|2|0|25|0|
9|10|7|6|5|4|3|2|1|2|1|0|25|0|25|1|2|1|2|0|25|0|25|1|2|1|2|0|25|0|25|1|2|1|2|0|25|0|25|1|2|1|2|0|25|0|25|1|2|1|2|0|25|0|25|1|2|1|2|0|25|0|25|1|2|1|2|0|25|0|25|1|2|1|2|0|25|0|25|1|2|1|2|0|25|0|25|1|2|1|2|0|25|0|25|1|2|1|2|0|
50|37|34|32|27|26|14|13|12|11|10|7|6|5|4|3|2|1|2|1|0|25|0|25|1|2|1|2|0|25|0|25|1|2|1|2|0|25|0|25|1|2|1|2|0|25|0|25|1|2|1|2|0|25|0|25|1|2|1|2|0|25|0|25|1|2|1|2|0|25|0|25|1|2|1|2|0|25|0|25|1|2|1|2|0|25|0|25|1|2|1|2|0|25|0|25|1|2|1|2|
26|14|13|12|11|10|7|6|5|4|3|2|1|2|1|0|25|0|25|1|2|1|2|0|25|0|25|1|2|1|2|0|25|0|25|1|2|1|2|0|25|0|25|1|2|1|2|0|25|0|25|1|2|1|2|0|25|0|25|1|2|1|2|0|25|0|25|1|2|1|2|0|25|0|25|1|2|1|2|0|25|0|25|1|2|1|2|0|25|0|25|1|2|1|2|0|25|0|25|1|
31|29|28|27|26|14|13|12|11|10|7|6|5|4|3|2|1|2|1|0|25|0|25|1|2|1|2|0|25|0|25|1|2|1|2|0|25|0|25|1|2|1|2|0|25|0|25|1|2|1|2|0|25|0|25|1|2|1|2|0|25|0|25|1|2|1|2|0|25|0|25|1|2|1|2|0|25|0|25|1|2|1|2|0|25|0|25|1|2|1|2|0|25|0|25|1|2|1|2|0|
26|14|13|12|11|10|7|6|5|4|3|2|1|2|1|0|25|0|25|1|2|1|2|0|25|0|25|1|2|1|2|0|25|0|25|1|2|1|2|0|25|0|25|1|2|1|2|0|25|0|25|1|2|1|2|0|25|0|25|1|2|1|2|0|25|0|25|1|2|1|2|0|25|0|25|1|2|1|2|0|25|0|25|1|2|1|2|0|25|0|25|1|2|1|2|0|25|0|25|1|
41|21|6|5|4|3|2|1|2|1|0|25|0|25|1|2|1|2|0|25|0|25|1|2|1|2|0|25|0|25|1|2|1|2|0|25|0|25|1|2|1|2|0|25|0|25|1|2|1|2|0|25|0|25|1|2|1|2|0|25|0|25|1|2|1|2|0|25|0|25|1|2|1|2|0|25|0|25|1|2|1|2|0|25|0|25|1|2|1|2|0|25|0|25|1|2|1|2|0|25|
11|10|7|6|5|4|3|2|1|2|1|0|25|0|25|1|2|1|2|0|25|0|25|1|2|1|2|0|25|0|25|1|2|1|2|0|25|0|25|1|2|1|2|0|25|0|25|1|2|1|2|0|25|0|25|1|2|1|2|0|25|0|25|1|2|1|2|0|25|0|25|1|2|1|2|0|25|0|25|1|2|1|2|0|25|0|25|1|2|1|2|0|25|0|25|1|2|1|2|0|
42|41|21|6|5|4|3|2|1|2|1|0|25|0|25|1|2|1|2|0|25|0|25|1|2|1|2|0|25|0|25|1|2|1|2|0|25|0|25|1|2|1|2|0|25|0|25|1|2|1|2|0|25|0|25|1|2|1|2|0|25|0|25|1|2|1|2|0|25|0|25|1|2|1|2|0|25|0|25|1|2|1|2|0|25|0|25|1|2|1|2|0|25|0|25|1|2|1|2|0|
43|31|29|28|27|26|14|13|12|11|10|7|6|5|4|3|2|1|2|1|0|25|0|25|1|2|1|2|0|25|0|25|1|2|1|2|0|25|0|25|1|2|1|2|0|25|0|25|1|2|1|2|0|25|0|25|1|2|1|2|0|25|0|25|1|2|1|2|0|25|0|25|1|2|1|2|0|25|0|25|1|2|1|2|0|25|0|25|1|2|1|2|0|25|0|25|1|2|1|2|
45|42|41|21|6|5|4|3|2|1|2|1|0|25|0|25|1|2|1|2|0|25|0|25|1|2|1|2|0|25|0|25|1|2|1|2|0|25|0|25|1|2|1|2|0|25|0|25|1|2|1|2|0|25|0|25|1|2|1|2|0|25|0|25|1|2|1|2|0|25|0|25|1|2|1|2|0|25|0|25|1|2|1|2|0|25|0|25|1|2|1|2|0|25|0|25|1|2|1|2|
24|0|25|0|25|1|2|1|2|0|25|0|25|1|2|1|2|0|25|0|25|1|2|1|2|0|25|0|25|1|2|1|2|0|25|0|25|1|2|1|2|0|25|0|25|1|2|1|2|0|25|0|25|1|2|1|2|0|25|0|25|1|2|1|2|0|25|0|25|1|2|1|2|0|25|0|25|1|2|1|2|0|25|0|25|1|2|1|2|0|25|0|25|1|2|1|2|0|25|0|
48|39|36|31|29|28|27|26|14|13|12|11|10|7|6|5|4|3|2|1|2|1|0|25|0|25|1|2|1|2|0|25|0|25|1|2|1|2|0|25|0|25|1|2|1|2|0|25|0|25|1|2|1|2|0|25|0|25|1|2|1|2|0|25|0|25|1|2|1|2|0|25|0|25|1|2|1|2|0|25|0|25|1|2|1|2|0|25|0|25|1|2|1|2|0|25|0|25|1|2|
40|29|28|27|26|14|13|12|11|10|7|6|5|4|3|2|1|2|1|0|25|0|25|1|2|1|2|0|25|0|25|1|2|1|2|0|25|0|25|1|2|1|2|0|25|0|25|1|2|1|2|0|25|0|25|1|2|1|2|0|25|0|25|1|2|1|2|0|25|0|25|1|2|1|2|0|25|0|25|1|2|1|2|0|25|0|25|1|2|1|2|0|25|0|25|1|2|1|2|0|
23|5|4|3|2|1|2|1|0|25|0|25|1|2|1|2|0|25|0|25|1|2|1|2|0|25|0|25|1|2|1|2|0|25|0|25|1|2|1|2|0|25|0|25|1|2|1|2|0|25|0|25|1|2|1|2|0|25|0|25|1|2|1|2|0|25|0|25|1|2|1|2|0|25|0|25|1|2|1|2|0|25|0|25|1|2|1|2|0|25|0|25|1|2|1|2|0|25|0|25|
28|27|26|14|13|12|11|10|7|6|5|4|3|2|1|2|1|0|25|0|25|1|2|1|2|0|25|0|25|1|2|1|2|0|25|0|25|1|2|1|2|0|25|0|25|1|2|1|2|0|25|0|25|1|2|1|2|0|25|0|25|1|2|1|2|0|25|0|25|1|2|1|2|0|25|0|25|1|2|1|2|0|25|0|25|1|2|1|2|0|25|0|25|1|2|1|2|0|25|0|
10|7|6|5|4|3|2|1|2|1|0|25|0|25|1|2|1|2|0|25|0|25|1|2|1|2|0|25|0|25|1|2|1|2|0|25|0|25|1|2|1|2|0|25|0|25|1|2|1|2|0|25|0|25|1|2|1|2|0|25|0|25|1|2|1|2|0|25|0|25|1|2|1|2|0|25|0|25|1|2|1|2|0|25|0|25|1|2|1|2|0|25|0|25|1|2|1|2|0|25|
16|11|10|7|6|5|4|3|2|1|2|1|0|25|0|25|1|2|1|2|0|25|0|25|1|2|1|2|0|25|0|25|1|2|1|2|0|25|0|25|1|2|1|2|0|25|0|25|1|2|1|2|0|25|0|25|1|2|1|2|0|25|0|25|1|2|1|2|0|25|0|25|1|2|1|2|0|25|0|25|1|2|1|2|0|25|0|25|1|2|1|2|0|25|0|25|1|2|1|2|
30|17|10|7|6|5|4|3|2|1|2|1|0|25|0|25|1|2|1|2|0|25|0|25|1|2|1|2|0|25|0|25|1|2|1|2|0|25|0|25|1|2|1|2|0|25|0|25|1|2|1|2|0|25|0|25|1|2|1|2|0|25|0|25|1|2|1|2|0|25|0|25|1|2|1|2|0|25|0|25|1|2|1|2|0|25|0|25|1|2|1|2|0|25|0|25|1|2|1|2|
22|0|25|0|25|1|2|1|2|0|25|0|25|1|2|1|2|0|25|0|25|1|2|1|2|0|25|0|25|1|2|1|2|0|25|0|25|1|2|1|2|0|25|0|25|1|2|1|2|0|25|0|25|1|2|1|2|0|25|0|25|1|2|1|2|0|25|0|25|1|2|1|2|0|25|0|25|1|2|1|2|0|25|0|25|1|2|1|2|0|25|0|25|1|2|1|2|0|25|0|
53|49|39|36|31|29|28|27|26|14|13|12|11|10|7|6|5|4|3|2|1|2|1|0|25|0|25|1|2|1|2|0|25|0|25|1|2|1|2|0|25|0|25|1|2|1|2|0|25|0|25|1|2|1|2|0|25|0|25|1|2|1|2|0|25|0|25|1|2|1|2|0|25|0|25|1|2|1|2|0|25|0|25|1|2|1|2|0|25|0|25|1|2|1|2|0|25|0|25|1|
25|0|25|0|25|1|2|1|2|0|25|0|25|1|2|1|2|0|25|0|25|1|2|1|2|0|25|0|25|1|2|1|2|0|25|0|25|1|2|1|2|0|25|0|25|1|2|1|2|0|25|0|25|1|2|1|2|0|25|0|25|1|2|1|2|0|25|0|25|1|2|1|2|0|25|0|25|1|2|1|2|0|25|0|25|1|2|1|2|0|25|0|25|1|2|1|2|0|25|0|
55|54|49|39|36|31|29|28|27|26|14|13|12|11|10|7|6|5|4|3|2|1|2|1|0|25|0|25|1|2|1|2|0|25|0|25|1|2|1|2|0|25|0|25|1|2|1|2|0|25|0|25|1|2|1|2|0|25|0|25|1|2|1|2|0|25|0|25|1|2|1|2|0|25|0|25|1|2|1|2|0|25|0|25|1|2|1|2|0|25|0|25|1|2|1|2|0|25|0|25|
52|47|45|42|41|21|6|5|4|3|2|1|2|1|0|25|0|25|1|2|1|2|0|25|0|25|1|2|1|2|0|25|0|25|1|2|1|2|0|25|0|25|1|2|1|2|0|25|0|25|1|2|1|2|0|25|0|25|1|2|1|2|0|25|0|25|1|2|1|2|0|25|0|25|1|2|1|2|0|25|0|25|1|2|1|2|0|25|0|25|1|2|1|2|0|25|0|25|1|2|
45|42|41|21|6|5|4|3|2|1|2|1|0|25|0|25|1|2|1|2|0|25|0|25|1|2|1|2|0|25|0|25|1|2|1|2|0|25|0|25|1|2|1|2|0|25|0|25|1|2|1|2|0|25|0|25|1|2|1|2|0|25|0|25|1|2|1|2|0|25|0|25|1|2|1|2|0|25|0|25|1|2|1|2|0|25|0|25|1|2|1|2|0|25|0|25|1|2|1|2|
28|27|26|14|13|12|11|10|7|6|5|4|3|2|1|2|1|0|25|0|25|1|2|1|2|0|25|0|25|1|2|1|2|0|25|0|25|1|2|1|2|0|25|0|25|1|2|1|2|0|25|0|25|1|2|1|2|0|25|0|25|1|2|1|2|0|25|0|25|1|2|1|2|0|25|0|25|1|2|1|2|0|25|0|25|1|2|1|2|0|25|0|25|1|2|1|2|0|25|0|
15|14|13|12|11|10|7|6|5|4|3|2|1|2|1|0|25|0|25|1|2|1|2|0|25|0|25|1|2|1|2|0|25|0|25|1|2|1|2|0|25|0|25|1|2|1|2|0|25|0|25|1|2|1|2|0|25|0|25|1|2|1|2|0|25|0|25|1|2|1|2|0|25|0|25|1|2|1|2|0|25|0|25|1|2|1|2|0|25|0|25|1|2|1|2|0|25|0|25|1|
48|39|36|31|29|28|27|26|14|13|12|11|10|7|6|5|4|3|2|1|2|1|0|25|0|25|1|2|1|2|0|25|0|25|1|2|1|2|0|25|0|25|1|2|1|2|0|25|0|25|1|2|1|2|0|25|0|25|1|2|1|2|0|25|0|25|1|2|1|2|0|25|0|25|1|2|1|2|0|25|0|25|1|2|1|2|0|25|0|25|1|2|1|2|0|25|0|25|1|2|
19|7|6|5|4|3|2|1|2|1|0|25|0|25|1|2|1|2|0|25|0|25|1|2|1|2|0|25|0|25|1|2|1|2|0|25|0|25|1|2|1|2|0|25|0|25|1|2|1|2|0|25|0|25|1|2|1|2|0|25|0|25|1|2|1|2|0|25|0|25|1|2|1|2|0|25|0|25|1|2|1|2|0|25|0|25|1|2|1|2|0|25|0|25|1|2|1|2|0|25|
36|31|29|28|27|26|14|13|12|11|10|7|6|5|4|3|2|1|2|1|0|25|0|25|1|2|1|2|0|25|0|25|1|2|1|2|0|25|0|25|1|2|1|2|0|25|0|25|1|2|1|2|0|25|0|25|1|2|1|2|0|25|0|25|1|2|1|2|0|25|0|25|1|2|1|2|0|25|0|25|1|2|1|2|0|25|0|25|1|2|1|2|0|25|0|25|1|2|1|2|
55|54|49|39|36|31|29|28|27|26|14|13|12|11|10|7|6|5|4|3|2|1|2|1|0|25|0|25|1|2|1|2|0|25|0|25|1|2|1|2|0|25|0|25|1|2|1|2|0|25|0|25|1|2|1|2|0|25|0|25|1|2|1|2|0|25|0|25|1|2|1|2|0|25|0|25|1|2|1|2|0|25|0|25|1|2|1|2|0|25|0|25|1|2|1|2|0|25|0|25|
27|26|14|13|12|11|10|7|6|5|4|3|2|1|2|1|0|25|0|25|1|2|1|2|0|25|0|25|1|2|1|2|0|25|0|25|1|2|1|2|0|25|0|25|1|2|1|2|0|25|0|25|1|2|1|2|0|25|0|25|1|2|1|2|0|25|0|25|1|2|1|2|0|25|0|25|1|2|1|2|0|25|0|25|1|2|1|2|0|25|0|25|1|2|1|2|0|25|0|25|
24|0|25|0|25|1|2|1|2|0|25|0|25|1|2|1|2|0|25|0|25|1|2|1|2|0|25|0|25|1|2|1|2|0|25|0|25|1|2|1|2|0|25|0|25|1|2|1|2|0|25|0|25|1|2|1|2|0|25|0|25|1|2|1|2|0|25|0|25|1|2|1|2|0|25|0|25|1|2|1|2|0|25|0|25|1|2|1|2|0|25|0|25|1|2|1|2|0|25|0|
51|49|51|49|51|0|25|0|25|1|2|1|2|0|25|0|25|1|2|1|2|0|25|0|25|1|2|1|2|0|25|0|25|1|2|1|2|0|25|0|25|1|2|1|2|0|25|0|25|1|2|1|2|0|25|0|25|1|2|1|2|0|25|0|25|1|2|1|2|0|25|0|25|1|2|1|2|0|25|0|25|1|2|1|2|0|25|0|25|1|2|1|2|0|25|0|25|1|2|1|
49|51|49|51|0|25|0|25|1|2|1|2|0|25|0|25|1|2|1|2|0|25|0|25|1|2|1|2|0|25|0|25|1|2|1|2|0|25|0|25|1|2|1|2|0|25|0|25|1|2|1|2|0|25|0|25|1|2|1|2|0|25|0|25|1|2|1|2|0|25|0|25|1|2|1|2|0|25|0|25|1|2|1|2|0|25|0|25|1|2|1|2|0|25|0|25|1|2|1|2|
17|15|16|11|12|11|12|0|25|0|25|1|2|1|2|0|25|0|25|1|2|1|2|0|25|0|25|1|2|1|2|0|25|0|25|1|2|1|2|0|25|0|25|1|2|1|2|0|25|0|25|1|2|1|2|0|25|0|25|1|2|1|2|0|25|0|25|1|2|1|2|0|25|0|25|1|2|1|2|0|25|0|25|1|2|1|2|0|25|0|25|1|2|1|2|0|25|0|25|1|
18|0|25|0|25|1|2|1|2|0|25|0|25|1|2|1|2|0|25|0|25|1|2|1|2|0|25|0|25|1|2|1|2|0|25|0|25|1|2|1|2|0|25|0|25|1|2|1|2|0|25|0|25|1|2|1|2|0|25|0|25|1|2|1|2|0|25|0|25|1|2|1|2|0|25|0|25|1|2|1|2|0|25|0|25|1|2|1|2|0|25|0|25|1|2|1|2|0|25|0|
6|7|8|7|8|7|8|7|8|7|8|7|8|7|8|7|8|7|8|7|8|7|8|7|8|7|8|7|8|7|8|7|8|7|8|7|8|7|8|7|8|7|8|7|8|7|8|7|8|7|8|7|8|7|8|7|8|7|8|7|8|7|8|7|8|7|8|7|8|7|8|7|8|7|8|7|8|7|8|7|8|7|8|7|8|7|8|7|8|7|8|7|8|7|8|7|8|7|8|7|
10|9|10|9|10|9|10|9|10|9|10|9|10|9|10|9|10|9|10|9|10|9|10|9|10|9|10|9|10|9|10|9|10|9|10|9|10|9|10|9|10|9|10|9|10|9|10|9|10|9|10|9|10|9|10|9|10|9|10|9|10|9|10|9|10|9|10|9|10|9|10|9|10|9|10|9|10|9|10|9|10|9|10|9|10|9|10|9|10|9|10|9|10|9|10|9|10|9|10|9|
20|19|7|8|7|8|7|8|7|8|7|8|7|8|7|8|7|8|7|8|7|8|7|8|7|8|7|8|7|8|7|8|7|8|7|8|7|8|7|8|7|8|7|8|7|8|7|8|7|8|7|8|7|8|7|8|7|8|7|8|7|8|7|8|7|8|7|8|7|8|7|8|7|8|7|8|7|8|7|8|7|8|7|8|7|8|7|8|7|8|7|8|7|8|7|8|7|8|7|8|
1|2|1|2|0|25|0|25|1|2|1|2|0|25|0|25|1|2|1|2|0|25|0|25|1|2|1|2|0|25|0|25|1|2|1|2|0|25|0|25|1|2|1|2|0|25|0|25|1|2|1|2|0|25|0|25|1|2|1|2|0|25|0|25|1|2|1|2|0|25|0|25|1|2|1|2|0|25|0|25|1|2|1|2|0|25|0|25|1|2|1|2|0|25|0|25|1|2|1|2|
4|3|2|1|2|1|0|25|0|25|1|2|1|2|0|25|0|25|1|2|1|2|0|25|0|25|1|2|1|2|0|25|0|25|1|2|1|2|0|25|0|25|1|2|1|2|0|25|0|25|1|2|1|2|0|25|0|25|1|2|1|2|0|25|0|25|1|2|1|2|0|25|0|25|1|2|1|2|0|25|0|25|1|2|1|2|0|25|0|25|1|2|1|2|0|25|0|25|1|2|
28|27|28|27|28|0|25|0|25|1|2|1|2|0|25|0|25|1|2|1|2|0|25|0|25|1|2|1|2|0|25|0|25|1|2|1|2|0|25|0|25|1|2|1|2|0|25|0|25|1|2|1|2|0|25|0|25|1|2|1|2|0|25|0|25|1|2|1|2|0|25|0|25|1|2|1|2|0|25|0|25|1|2|1|2|0|25|0|25|1|2|1|2|0|25|0|25|1|2|1|
23|5|6|7|8|7|8|7|8|7|8|7|8|7|8|7|8|7|8|7|8|7|8|7|8|7|8|7|8|7|8|7|8|7|8|7|8|7|8|7|8|7|8|7|8|7|8|7|8|7|8|7|8|7|8|7|8|7|8|7|8|7|8|7|8|7|8|7|8|7|8|7|8|7|8|7|8|7|8|7|8|7|8|7|8|7|8|7|8|7|8|7|8|7|8|7|8|7|8|7|
29|30|17|15|16|11|12|11|12|0|25|0|25|1|2|1|2|0|25|0|25|1|2|1|2|0|25|0|25|1|2|1|2|0|25|0|25|1|2|1|2|0|25|0|25|1|2|1|2|0|25|0|25|1|2|1|2|0|25|0|25|1|2|1|2|0|25|0|25|1|2|1|2|0|25|0|25|1|2|1|2|0|25|0|25|1|2|1|2|0|25|0|25|1|2|1|2|0|25|0|
17|15|16|11|12|11|12|0|25|0|25|1|2|1|2|0|25|0|25|1|2|1|2|0|25|0|25|1|2|1|2|0|25|0|25|1|2|1|2|0|25|0|25|1|2|1|2|0|25|0|25|1|2|1|2|0|25|0|25|1|2|1|2|0|25|0|25|1|2|1|2|0|25|0|25|1|2|1|2|0|25|0|25|1|2|1|2|0|25|0|25|1|2|1|2|0|25|0|25|1|
13|12|11|12|11|12|0|25|0|25|1|2|1|2|0|25|0|25|1|2|1|2|0|25|0|25|1|2|1|2|0|25|0|25|1|2|1|2|0|25|0|25|1|2|1|2|0|25|0|25|1|2|1|2|0|25|0|25|1|2|1|2|0|25|0|25|1|2|1|2|0|25|0|25|1|2|1|2|0|25|0|25|1|2|1|2|0|25|0|25|1|2|1|2|0|25|0|25|1|2|
16|11|12|11|12|0|25|0|25|1|2|1|2|0|25|0|25|1|2|1|2|0|25|0|25|1|2|1|2|0|25|0|25|1|2|1|2|0|25|0|25|1|2|1|2|0|25|0|25|1|2|1|2|0|25|0|25|1|2|1|2|0|25|0|25|1|2|1|2|0|25|0|25|1|2|1|2|0|25|0|25|1|2|1|2|0|25|0|25|1|2|1|2|0|25|0|25|1|2|1|
10|9|10|9|10|9|10|9|10|9|10|9|10|9|10|9|10|9|10|9|10|9|10|9|10|9|10|9|10|9|10|9|10|9|10|9|10|9|10|9|10|9|10|9|10|9|10|9|10|9|10|9|10|9|10|9|10|9|10|9|10|9|10|9|10|9|10|9|10|9|10|9|10|9|10|9|10|9|10|9|10|9|10|9|10|9|10|9|10|9|10|9|10|9|10|9|10|9|10|9|
47|48|39|38|37|38|37|38|0|25|0|25|1|2|1|2|0|25|0|25|1|2|1|2|0|25|0|25|1|2|1|2|0|25|0|25|1|2|1|2|0|25|0|25|1|2|1|2|0|25|0|25|1|2|1|2|0|25|0|25|1|2|1|2|0|25|0|25|1|2|1|2|0|25|0|25|1|2|1|2|0|25|0|25|1|2|1|2|0|25|0|25|1|2|1|2|0|25|0|25|
51|49|51|49|51|0|25|0|25|1|2|1|2|0|25|0|25|1|2|1|2|0|25|0|25|1|2|1|2|0|25|0|25|1|2|1|2|0|25|0|25|1|2|1|2|0|25|0|25|1|2|1|2|0|25|0|25|1|2|1|2|0|25|0|25|1|2|1|2|0|25|0|25|1|2|1|2|0|25|0|25|1|2|1|2|0|25|0|25|1|2|1|2|0|25|0|25|1|2|1|
10|9|10|9|10|9|10|9|10|9|10|9|10|9|10|9|10|9|10|9|10|9|10|9|10|9|10|9|10|9|10|9|10|9|10|9|10|9|10|9|10|9|10|9|10|9|10|9|10|9|10|9|10|9|10|9|10|9|10|9|10|9|10|9|10|9|10|9|10|9|10|9|10|9|10|9|10|9|10|9|10|9|10|9|10|9|10|9|10|9|10|9|10|9|10|9|10|9|10|9|
0|25|0|25|1|2|1|2|0|25|0|25|1|2|1|2|0|25|0|25|1|2|1|2|0|25|0|25|1|2|1|2|0|25|0|25|1|2|1|2|0|25|0|25|1|2|1|2|0|25|0|25|1|2|1|2|0|25|0|25|1|2|1|2|0|25|0|25|1|2|1|2|0|25|0|25|1|2|1|2|0|25|0|25|1|2|1|2|0|25|0|25|1|2|1|2|0|25|0|25|
37|38|37|38|0|25|0|25|1|2|1|2|0|25|0|25|1|2|1|2|0|25|0|25|1|2|1|2|0|25|0|25|1|2|1|2|0|25|0|25|1|2|1|2|0|25|0|25|1|2|1|2|0|25|0|25|1|2|1|2|0|25|0|25|1|2|1|2|0|25|0|25|1|2|1|2|0|25|0|25|1|2|1|2|0|25|0|25|1|2|1|2|0|25|0|25|1|2|1|2|
33|31|33|31|33|0|25|0|25|1|2|1|2|0|25|0|25|1|2|1|2|0|25|0|25|1|2|1|2|0|25|0|25|1|2|1|2|0|25|0|25|1|2|1|2|0|25|0|25|1|2|1|2|0|25|0|25|1|2|1|2|0|25|0|25|1|2|1|2|0|25|0|25|1|2|1|2|0|25|0|25|1|2|1|2|0|25|0|25|1|2|1|2|0|25|0|25|1|2|1|
55|54|55|54|55|0|25|0|25|1|2|1|2|0|25|0|25|1|2|1|2|0|25|0|25|1|2|1|2|0|25|0|25|1|2|1|2|0|25|0|25|1|2|1|2|0|25|0|25|1|2|1|2|0|25|0|25|1|2|1|2|0|25|0|25|1|2|1|2|0|25|0|25|1|2|1|2|0|25|0|25|1|2|1|2|0|25|0|25|1|2|1|2|0|25|0|25|1|2|1|
12|11|12|11|12|0|25|0|25|1|2|1|2|0|25|0|25|1|2|1|2|0|25|0|25|1|2|1|2|0|25|0|25|1|2|1|2|0|25|0|25|1|2|1|2|0|25|0|25|1|2|1|2|0|25|0|25|1|2|1|2|0|25|0|25|1|2|1|2|0|25|0|25|1|2|1|2|0|25|0|25|1|2|1|2|0|25|0|25|1|2|1|2|0|25|0|25|1|2|1|
57|56|55|54|55|54|55|0|25|0|25|1|2|1|2|0|25|0|25|1|2|1|2|0|25|0|25|1|2|1|2|0|25|0|25|1|2|1|2|0|25|0|25|1|2|1|2|0|25|0|25|1|2|1|2|0|25|0|25|1|2|1|2|0|25|0|25|1|2|1|2|0|25|0|25|1|2|1|2|0|25|0|25|1|2|1|2|0|25|0|25|1|2|1|2|0|25|0|25|1|
39|38|37|38|37|38|0|25|0|25|1|2|1|2|0|25|0|25|1|2|1|2|0|25|0|25|1|2|1|2|0|25|0|25|1|2|1|2|0|25|0|25|1|2|1|2|0|25|0|25|1|2|1|2|0|25|0|25|1|2|1|2|0|25|0|25|1|2|1|2|0|25|0|25|1|2|1|2|0|25|0|25|1|2|1|2|0|25|0|25|1|2|1|2|0|25|0|25|1|2|
3|2|1|2|1|0|25|0|25|1|2|1|2|0|25|0|25|1|2|1|2|0|25|0|25|1|2|1|2|0|25|0|25|1|2|1|2|0|25|0|25|1|2|1|2|0|25|0|25|1|2|1|2|0|25|0|25|1|2|1|2|0|25|0|25|1|2|1|2|0|25|0|25|1|2|1|2|0|25|0|25|1|2|1|2|0|25|0|25|1|2|1|2|0|25|0|25|1|2|1|
10|9|10|9|10|9|10|9|10|9|10|9|10|9|10|9|10|9|10|9|10|9|10|9|10|9|10|9|10|9|10|9|10|9|10|9|10|9|10|9|10|9|10|9|10|9|10|9|10|9|10|9|10|9|10|9|10|9|10|9|10|9|10|9|10|9|10|9|10|9|10|9|10|9|10|9|10|9|10|9|10|9|10|9|10|9|10|9|10|9|10|9|10|9|10|9|10|9|10|9|
51|49|51|49|51|0|25|0|25|1|2|1|2|0|25|0|25|1|2|1|2|0|25|0|25|1|2|1|2|0|25|0|25|1|2|1|2|0|25|0|25|1|2|1|2|0|25|0|25|1|2|1|2|0|25|0|25|1|2|1|2|0|25|0|25|1|2|1|2|0|25|0|25|1|2|1|2|0|25|0|25|1|2|1|2|0|25|0|25|1|2|1|2|0|25|0|25|1|2|1|
50|51|49|51|49|51|0|25|0|25|1|2|1|2|0|25|0|25|1|2|1|2|0|25|0|25|1|2|1|2|0|25|0|25|1|2|1|2|0|25|0|25|1|2|1|2|0|25|0|25|1|2|1|2|0|25|0|25|1|2|1|2|0|25|0|25|1|2|1|2|0|25|0|25|1|2|1|2|0|25|0|25|1|2|1|2|0|25|0|25|1|2|1|2|0|25|0|25|1|2|
6|7|8|7|8|7|8|7|8|7|8|7|8|7|8|7|8|7|8|7|8|7|8|7|8|7|8|7|8|7|8|7|8|7|8|7|8|7|8|7|8|7|8|7|8|7|8|7|8|7|8|7|8|7|8|7|8|7|8|7|8|7|8|7|8|7|8|7|8|7|8|7|8|7|8|7|8|7|8|7|8|7|8|7|8|7|8|7|8|7|8|7|8|7|8|7|8|7|8|7|
46|0|25|0|25|1|2|1|2|0|25|0|25|1|2|1|2|0|25|0|25|1|2|1|2|0|25|0|25|1|2|1|2|0|25|0|25|1|2|1|2|0|25|0|25|1|2|1|2|0|25|0|25|1|2|1|2|0|25|0|25|1|2|1|2|0|25|0|25|1|2|1|2|0|25|0|25|1|2|1|2|0|25|0|25|1|2|1|2|0|25|0|25|1|2|1|2|0|25|0|
18|0|25|0|25|1|2|1|2|0|25|0|25|1|2|1|2|0|25|0|25|1|2|1|2|0|25|0|25|1|2|1|2|0|25|0|25|1|2|1|2|0|25|0|25|1|2|1|2|0|25|0|25|1|2|1|2|0|25|0|25|1|2|1|2|0|25|0|25|1|2|1|2|0|25|0|25|1|2|1|2|0|25|0|25|1|2|1|2|0|25|0|25|1|2|1|2|0|25|0|
0|25|0|25|1|2|1|2|0|25|0|25|1|2|1|2|0|25|0|25|1|2|1|2|0|25|0|25|1|2|1|2|0|25|0|25|1|2|1|2|0|25|0|25|1|2|1|2|0|25|0|25|1|2|1|2|0|25|0|25|1|2|1|2|0|25|0|25|1|2|1|2|0|25|0|25|1|2|1|2|0|25|0|25|1|2|1|2|0|25|0|25|1|2|1|2|0|25|0|25|
55|54|55|54|55|0|25|0|25|1|2|1|2|0|25|0|25|1|2|1|2|0|25|0|25|1|2|1|2|0|25|0|25|1|2|1|2|0|25|0|25|1|2|1|2|0|25|0|25|1|2|1|2|0|25|0|25|1|2|1|2|0|25|0|25|1|2|1|2|0|25|0|25|1|2|1|2|0|25|0|25|1|2|1|2|0|25|0|25|1|2|1|2|0|25|0|25|1|2|1|
49|51|49|51|0|25|0|25|1|2|1|2|0|25|0|25|1|2|1|2|0|25|0|25|1|2|1|2|0|25|0|25|1|2|1|2|0|25|0|25|1|2|1|2|0|25|0|25|1|2|1|2|0|25|0|25|1|2|1|2|0|25|0|25|1|2|1|2|0|25|0|25|1|2|1|2|0|25|0|25|1|2|1|2|0|25|0|25|1|2|1|2|0|25|0|25|1|2|1|2|
5|6|7|8|7|8|7|8|7|8|7|8|7|8|7|8|7|8|7|8|7|8|7|8|7|8|7|8|7|8|7|8|7|8|7|8|7|8|7|8|7|8|7|8|7|8|7|8|7|8|7|8|7|8|7|8|7|8|7|8|7|8|7|8|7|8|7|8|7|8|7|8|7|8|7|8|7|8|7|8|7|8|7|8|7|8|7|8|7|8|7|8|7|8|7|8|7|8|7|8|
9|10|9|10|9|10|9|10|9|10|9|10|9|10|9|10|9|10|9|10|9|10|9|10|9|10|9|10|9|10|9|10|9|10|9|10|9|10|9|10|9|10|9|10|9|10|9|10|9|10|9|10|9|10|9|10|9|10|9|10|9|10|9|10|9|10|9|10|9|10|9|10|9|10|9|10|9|10|9|10|9|10|9|10|9|10|9|10|9|10|9|10|9|10|9|10|9|10|9|10|
3|2|1|2|1|0|25|0|25|1|2|1|2|0|25|0|25|1|2|1|2|0|25|0|25|1|2|1|2|0|25|0|25|1|2|1|2|0|25|0|25|1|2|1|2|0|25|0|25|1|2|1|2|0|25|0|25|1|2|1|2|0|25|0|25|1|2|1|2|0|25|0|25|1|2|1|2|0|25|0|25|1|2|1|2|0|25|0|25|1|2|1|2|0|25|0|25|1|2|1|
6|7|8|7|8|7|8|7|8|7|8|7|8|7|8|7|8|7|8|7|8|7|8|7|8|7|8|7|8|7|8|7|8|7|8|7|8|7|8|7|8|7|8|7|8|7|8|7|8|7|8|7|8|7|8|7|8|7|8|7|8|7|8|7|8|7|8|7|8|7|8|7|8|7|8|7|8|7|8|7|8|7|8|7|8|7|8|7|8|7|8|7|8|7|8|7|8|7|8|7|
10|9|10|9|10|9|10|9|10|9|10|9|10|9|10|9|10|9|10|9|10|9|10|9|10|9|10|9|10|9|10|9|10|9|10|9|10|9|10|9|10|9|10|9|10|9|10|9|10|9|10|9|10|9|10|9|10|9|10|9|10|9|10|9|10|9|10|9|10|9|10|9|10|9|10|9|10|9|10|9|10|9|10|9|10|9|10|9|10|9|10|9|10|9|10|9|10|9|10|9|
21|20|19|7|8|7|8|7|8|7|8|7|8|7|8|7|8|7|8|7|8|7|8|7|8|7|8|7|8|7|8|7|8|7|8|7|8|7|8|7|8|7|8|7|8|7|8|7|8|7|8|7|8|7|8|7|8|7|8|7|8|7|8|7|8|7|8|7|8|7|8|7|8|7|8|7|8|7|8|7|8|7|8|7|8|7|8|7|8|7|8|7|8|7|8|7|8|7|8|7|
48|39|38|37|38|37|38|0|25|0|25|1|2|1|2|0|25|0|25|1|2|1|2|0|25|0|25|1|2|1|2|0|25|0|25|1|2|1|2|0|25|0|25|1|2|1|2|0|25|0|25|1|2|1|2|0|25|0|25|1|2|1|2|0|25|0|25|1|2|1|2|0|25|0|25|1|2|1|2|0|25|0|25|1|2|1|2|0|25|0|25|1|2|1|2|0|25|0|25|1|
56|55|54|55|54|55|0|25|0|25|1|2|1|2|0|25|0|25|1|2|1|2|0|25|0|25|1|2|1|2|0|25|0|25|1|2|1|2|0|25|0|25|1|2|1|2|0|25|0|25|1|2|1|2|0|25|0|25|1|2|1|2|0|25|0|25|1|2|1|2|0|25|0|25|1|2|1|2|0|25|0|25|1|2|1|2|0|25|0|25|1|2|1|2|0|25|0|25|1|2|
32|33|31|33|31|33|0|25|0|25|1|2|1|2|0|25|0|25|1|2|1|2|0|25|0|25|1|2|1|2|0|25|0|25|1|2|1|2|0|25|0|25|1|2|1|2|0|25|0|25|1|2|1|2|0|25|0|25|1|2|1|2|0|25|0|25|1|2|1|2|0|25|0|25|1|2|1|2|0|25|0|25|1|2|1|2|0|25|0|25|1|2|1|2|0|25|0|25|1|2|
22|0|25|0|25|1|2|1|2|0|25|0|25|1|2|1|2|0|25|0|25|1|2|1|2|0|25|0|25|1|2|1|2|0|25|0|25|1|2|1|2|0|25|0|25|1|2|1|2|0|25|0|25|1|2|1|2|0|25|0|25|1|2|1|2|0|25|0|25|1|2|1|2|0|25|0|25|1|2|1|2|0|25|0|25|1|2|1|2|0|25|0|25|1|2|1|2|0|25|0|
28|27|28|27|28|0|25|0|25|1|2|1|2|0|25|0|25|1|2|1|2|0|25|0|25|1|2|1|2|0|25|0|25|1|2|1|2|0|25|0|25|1|2|1|2|0|25|0|25|1|2|1|2|0|25|0|25|1|2|1|2|0|25|0|25|1|2|1|2|0|25|0|25|1|2|1|2|0|25|0|25|1|2|1|2|0|25|0|25|1|2|1|2|0|25|0|25|1|2|1|
14|15|16|11|12|11|12|0|25|0|25|1|2|1|2|0|25|0|25|1|2|1|2|0|25|0|25|1|2|1|2|0|25|0|25|1|2|1|2|0|25|0|25|1|2|1|2|0|25|0|25|1|2|1|2|0|25|0|25|1|2|1|2|0|25|0|25|1|2|1|2|0|25|0|25|1|2|1|2|0|25|0|25|1|2|1|2|0|25|0|25|1|2|1|2|0|25|0|25|1|
58|57|56|55|54|55|54|55|0|25|0|25|1|2|1|2|0|25|0|25|1|2|1|2|0|25|0|25|1|2|1|2|0|25|0|25|1|2|1|2|0|25|0|25|1|2|1|2|0|25|0|25|1|2|1|2|0|25|0|25|1|2|1|2|0|25|0|25|1|2|1|2|0|25|0|25|1|2|1|2|0|25|0|25|1|2|1|2|0|25|0|25|1|2|1|2|0|25|0|25|
37|38|37|38|0|25|0|25|1|2|1|2|0|25|0|25|1|2|1|2|0|25|0|25|1|2|1|2|0|25|0|25|1|2|1|2|0|25|0|25|1|2|1|2|0|25|0|25|1|2|1|2|0|25|0|25|1|2|1|2|0|25|0|25|1|2|1|2|0|25|0|25|1|2|1|2|0|25|0|25|1|2|1|2|0|25|0|25|1|2|1|2|0|25|0|25|1|2|1|2|
30|17|15|16|11|12|11|12|0|25|0|25|1|2|1|2|0|25|0|25|1|2|1|2|0|25|0|25|1|2|1|2|0|25|0|25|1|2|1|2|0|25|0|25|1|2|1|2|0|25|0|25|1|2|1|2|0|25|0|25|1|2|1|2|0|25|0|25|1|2|1|2|0|25|0|25|1|2|1|2|0|25|0|25|1|2|1|2|0|25|0|25|1|2|1|2|0|25|0|25|
43|31|33|31|33|0|25|0|25|1|2|1|2|0|25|0|25|1|2|1|2|0|25|0|25|1|2|1|2|0|25|0|25|1|2|1|2|0|25|0|25|1|2|1|2|0|25|0|25|1|2|1|2|0|25|0|25|1|2|1|2|0|25|0|25|1|2|1|2|0|25|0|25|1|2|1|2|0|25|0|25|1|2|1|2|0|25|0|25|1|2|1|2|0|25|0|25|1|2|1|
45|44|36|35|34|35|34|35|0|25|0|25|1|2|1|2|0|25|0|25|1|2|1|2|0|25|0|25|1|2|1|2|0|25|0|25|1|2|1|2|0|25|0|25|1|2|1|2|0|25|0|25|1|2|1|2|0|25|0|25|1|2|1|2|0|25|0|25|1|2|1|2|0|25|0|25|1|2|1|2|0|25|0|25|1|2|1|2|0|25|0|25|1|2|1|2|0|25|0|25|
26|14|15|16|11|12|11|12|0|25|0|25|1|2|1|2|0|25|0|25|1|2|1|2|0|25|0|25|1|2|1|2|0|25|0|25|1|2|1|2|0|25|0|25|1|2|1|2|0|25|0|25|1|2|1|2|0|25|0|25|1|2|1|2|0|25|0|25|1|2|1|2|0|25|0|25|1|2|1|2|0|25|0|25|1|2|1|2|0|25|0|25|1|2|1|2|0|25|0|25|
46|0|25|0|25|1|2|1|2|0|25|0|25|1|2|1|2|0|25|0|25|1|2|1|2|0|25|0|25|1|2|1|2|0|25|0|25|1|2|1|2|0|25|0|25|1|2|1|2|0|25|0|25|1|2|1|2|0|25|0|25|1|2|1|2|0|25|0|25|1|2|1|2|0|25|0|25|1|2|1|2|0|25|0|25|1|2|1|2|0|25|0|25|1|2|1|2|0|25|0|
18|0|25|0|25|1|2|1|2|0|25|0|25|1|2|1|2|0|25|0|25|1|2|1|2|0|25|0|25|1|2|1|2|0|25|0|25|1|2|1|2|0|25|0|25|1|2|1|2|0|25|0|25|1|2|1|2|0|25|0|25|1|2|1|2|0|25|0|25|1|2|1|2|0|25|0|25|1|2|1|2|0|25|0|25|1|2|1|2|0|25|0|25|1|2|1|2|0|25|0|
52|53|52|53|0|25|1|25|1|0|25|1|25|1|0|25|1|25|1|0|25|1|25|1|0|25|1|25|1|0|25|1|25|1|0|25|1|25|1|0|25|1|25|1|0|25|1|25|1|0|25|1|25|1|0|25|1|25|1|0|25|1|25|1|0|25|1|25|1|0|25|1|25|1|0|25|1|25|1|0|25|1|25|1|0|25|1|25|1|0|25|1|25|1|0|25|1|25|1|0|
4|5|23|21|23|21|23|0|25|1|25|1|0|25|1|25|1|0|25|1|25|1|0|25|1|25|1|0|25|1|25|1|0|25|1|25|1|0|25|1|25|1|0|25|1|25|1|0|25|1|25|1|0|25|1|25|1|0|25|1|25|1|0|25|1|25|1|0|25|1|25|1|0|25|1|25|1|0|25|1|25|1|0|25|1|25|1|0|25|1|25|1|0|25|1|25|1|0|25|1|
19|20|21|23|21|23|0|25|1|25|1|0|25|1|25|1|0|25|1|25|1|0|25|1|25|1|0|25|1|25|1|0|25|1|25|1|0|25|1|25|1|0|25|1|25|1|0|25|1|25|1|0|25|1|25|1|0|25|1|25|1|0|25|1|25|1|0|25|1|25|1|0|25|1|25|1|0|25|1|25|1|0|25|1|25|1|0|25|1|25|1|0|25|1|25|1|0|25|1|25|
26|27|32|34|37|50|56|57|58|59|58|59|0|25|1|25|1|0|25|1|25|1|0|25|1|25|1|0|25|1|25|1|0|25|1|25|1|0|25|1|25|1|0|25|1|25|1|0|25|1|25|1|0|25|1|25|1|0|25|1|25|1|0|25|1|25|1|0|25|1|25|1|0|25|1|25|1|0|25|1|25|1|0|25|1|25|1|0|25|1|25|1|0|25|1|25|1|0|25|1|
6|21|23|21|23|0|25|1|25|1|0|25|1|25|1|0|25|1|25|1|0|25|1|25|1|0|25|1|25|1|0|25|1|25|1|0|25|1|25|1|0|25|1|25|1|0|25|1|25|1|0|25|1|25|1|0|25|1|25|1|0|25|1|25|1|0|25|1|25|1|0|25|1|25|1|0|25|1|25|1|0|25|1|25|1|0|25|1|25|1|0|25|1|25|1|0|25|1|25|1|
9|10|11|16|15|17|20|21|23|21|23|0|25|1|25|1|0|25|1|25|1|0|25|1|25|1|0|25|1|25|1|0|25|1|25|1|0|25|1|25|1|0|25|1|25|1|0|25|1|25|1|0|25|1|25|1|0|25|1|25|1|0|25|1|25|1|0|25|1|25|1|0|25|1|25|1|0|25|1|25|1|0|25|1|25|1|0|25|1|25|1|0|25|1|25|1|0|25|1|25|
8|7|10|11|16|15|17|20|21|23|21|23|0|25|1|25|1|0|25|1|25|1|0|25|1|25|1|0|25|1|25|1|0|25|1|25|1|0|25|1|25|1|0|25|1|25|1|0|25|1|25|1|0|25|1|25|1|0|25|1|25|1|0|25|1|25|1|0|25|1|25|1|0|25|1|25|1|0|25|1|25|1|0|25|1|25|1|0|25|1|25|1|0|25|1|25|1|0|25|1|
12|13|14|26|27|32|34|37|50|56|57|58|59|58|59|0|25|1|25|1|0|25|1|25|1|0|25|1|25|1|0|25|1|25|1|0|25|1|25|1|0|25|1|25|1|0|25|1|25|1|0|25|1|25|1|0|25|1|25|1|0|25|1|25|1|0|25|1|25|1|0|25|1|25|1|0|25|1|25|1|0|25|1|25|1|0|25|1|25|1|0|25|1|25|1|0|25|1|25|1|
22|0|25|1|25|1|0|25|1|25|1|0|25|1|25|1|0|25|1|25|1|0|25|1|25|1|0|25|1|25|1|0|25|1|25|1|0|25|1|25|1|0|25|1|25|1|0|25|1|25|1|0|25|1|25|1|0|25|1|25|1|0|25|1|25|1|0|25|1|25|1|0|25|1|25|1|0|25|1|25|1|0|25|1|25|1|0|25|1|25|1|0|25|1|25|1|0|25|1|25|
36|39|48|47|52|53|52|53|0|25|1|25|1|0|25|1|25|1|0|25|1|25|1|0|25|1|25|1|0|25|1|25|1|0|25|1|25|1|0|25|1|25|1|0|25|1|25|1|0|25|1|25|1|0|25|1|25|1|0|25|1|25|1|0|25|1|25|1|0|25|1|25|1|0|25|1|25|1|0|25|1|25|1|0|25|1|25|1|0|25|1|25|1|0|25|1|25|1|0|25|
10|11|16|15|17|20|21|23|21|23|0|25|1|25|1|0|25|1|25|1|0|25|1|25|1|0|25|1|25|1|0|25|1|25|1|0|25|1|25|1|0|25|1|25|1|0|25|1|25|1|0|25|1|25|1|0|25|1|25|1|0|25|1|25|1|0|25|1|25|1|0|25|1|25|1|0|25|1|25|1|0|25|1|25|1|0|25|1|25|1|0|25|1|25|1|0|25|1|25|1|
17|20|21|23|21|23|0|25|1|25|1|0|25|1|25|1|0|25|1|25|1|0|25|1|25|1|0|25|1|25|1|0|25|1|25|1|0|25|1|25|1|0|25|1|25|1|0|25|1|25|1|0|25|1|25|1|0|25|1|25|1|0|25|1|25|1|0|25|1|25|1|0|25|1|25|1|0|25|1|25|1|0|25|1|25|1|0|25|1|25|1|0|25|1|25|1|0|25|1|25|
16|15|17|20|21|23|21|23|0|25|1|25|1|0|25|1|25|1|0|25|1|25|1|0|25|1|25|1|0|25|1|25|1|0|25|1|25|1|0|25|1|25|1|0|25|1|25|1|0|25|1|25|1|0|25|1|25|1|0|25|1|25|1|0|25|1|25|1|0|25|1|25|1|0|25|1|25|1|0|25|1|25|1|0|25|1|25|1|0|25|1|25|1|0|25|1|25|1|0|25|
26|27|32|34|37|50|56|57|58|59|58|59|0|25|1|25|1|0|25|1|25|1|0|25|1|25|1|0|25|1|25|1|0|25|1|25|1|0|25|1|25|1|0|25|1|25|1|0|25|1|25|1|0|25|1|25|1|0|25|1|25|1|0|25|1|25|1|0|25|1|25|1|0|25|1|25|1|0|25|1|25|1|0|25|1|25|1|0|25|1|25|1|0|25|1|25|1|0|25|1|
5|23|21|23|21|23|0|25|1|25|1|0|25|1|25|1|0|25|1|25|1|0|25|1|25|1|0|25|1|25|1|0|25|1|25|1|0|25|1|25|1|0|25|1|25|1|0|25|1|25|1|0|25|1|25|1|0|25|1|25|1|0|25|1|25|1|0|25|1|25|1|0|25|1|25|1|0|25|1|25|1|0|25|1|25|1|0|25|1|25|1|0|25|1|25|1|0|25|1|25|
38|39|48|47|52|53|52|53|0|25|1|25|1|0|25|1|25|1|0|25|1|25|1|0|25|1|25|1|0|25|1|25|1|0|25|1|25|1|0|25|1|25|1|0|25|1|25|1|0|25|1|25|1|0|25|1|25|1|0|25|1|25|1|0|25|1|25|1|0|25|1|25|1|0|25|1|25|1|0|25|1|25|1|0|25|1|25|1|0|25|1|25|1|0|25|1|25|1|0|25|
47|52|53|52|53|0|25|1|25|1|0|25|1|25|1|0|25|1|25|1|0|25|1|25|1|0|25|1|25|1|0|25|1|25|1|0|25|1|25|1|0|25|1|25|1|0|25|1|25|1|0|25|1|25|1|0|25|1|25|1|0|25|1|25|1|0|25|1|25|1|0|25|1|25|1|0|25|1|25|1|0|25|1|25|1|0|25|1|25|1|0|25|1|25|1|0|25|1|25|1|
3|4|5|23|21|23|21|23|0|25|1|25|1|0|25|1|25|1|0|25|1|25|1|0|25|1|25|1|0|25|1|25|1|0|25|1|25|1|0|25|1|25|1|0|25|1|25|1|0|25|1|25|1|0|25|1|25|1|0|25|1|25|1|0|25|1|25|1|0|25|1|25|1|0|25|1|25|1|0|25|1|25|1|0|25|1|25|1|0|25|1|25|1|0|25|1|25|1|0|25|
48|47|52|53|52|53|0|25|1|25|1|0|25|1|25|1|0|25|1|25|1|0|25|1|25|1|0|25|1|25|1|0|25|1|25|1|0|25|1|25|1|0|25|1|25|1|0|25|1|25|1|0|25|1|25|1|0|25|1|25|1|0|25|1|25|1|0|25|1|25|1|0|25|1|25|1|0|25|1|25|1|0|25|1|25|1|0|25|1|25|1|0|25|1|25|1|0|25|1|25|
15|17|20|21|23|21|23|0|25|1|25|1|0|25|1|25|1|0|25|1|25|1|0|25|1|25|1|0|25|1|25|1|0|25|1|25|1|0|25|1|25|1|0|25|1|25|1|0|25|1|25|1|0|25|1|25|1|0|25|1|25|1|0|25|1|25|1|0|25|1|25|1|0|25|1|25|1|0|25|1|25|1|0|25|1|25|1|0|25|1|25|1|0|25|1|25|1|0|25|1|
43|42|45|47|52|53|52|53|0|25|1|25|1|0|25|1|25|1|0|25|1|25|1|0|25|1|25|1|0|25|1|25|1|0|25|1|25|1|0|25|1|25|1|0|25|1|25|1|0|25|1|25|1|0|25|1|25|1|0|25|1|25|1|0|25|1|25|1|0|25|1|25|1|0|25|1|25|1|0|25|1|25|1|0|25|1|25|1|0|25|1|25|1|0|25|1|25|1|0|25|
58|59|58|59|0|25|1|25|1|0|25|1|25|1|0|25|1|25|1|0|25|1|25|1|0|25|1|25|1|0|25|1|25|1|0|25|1|25|1|0|25|1|25|1|0|25|1|25|1|0|25|1|25|1|0|25|1|25|1|0|25|1|25|1|0|25|1|25|1|0|25|1|25|1|0|25|1|25|1|0|25|1|25|1|0|25|1|25|1|0|25|1|25|1|0|25|1|25|1|0|
39|48|47|52|53|52|53|0|25|1|25|1|0|25|1|25|1|0|25|1|25|1|0|25|1|25|1|0|25|1|25|1|0|25|1|25|1|0|25|1|25|1|0|25|1|25|1|0|25|1|25|1|0|25|1|25|1|0|25|1|25|1|0|25|1|25|1|0|25|1|25|1|0|25|1|25|1|0|25|1|25|1|0|25|1|25|1|0|25|1|25|1|0|25|1|25|1|0|25|1|
34|37|50|56|57|58|59|58|59|0|25|1|25|1|0|25|1|25|1|0|25|1|25|1|0|25|1|25|1|0|25|1|25|1|0|25|1|25|1|0|25|1|25|1|0|25|1|25|1|0|25|1|25|1|0|25|1|25|1|0|25|1|25|1|0|25|1|25|1|0|25|1|25|1|0|25|1|25|1|0|25|1|25|1|0|25|1|25|1|0|25|1|25|1|0|25|1|25|1|0|
11|16|15|17|20|21|23|21|23|0|25|1|25|1|0|25|1|25|1|0|25|1|25|1|0|25|1|25|1|0|25|1|25|1|0|25|1|25|1|0|25|1|25|1|0|25|1|25|1|0|25|1|25|1|0|25|1|25|1|0|25|1|25|1|0|25|1|25|1|0|25|1|25|1|0|25|1|25|1|0|25|1|25|1|0|25|1|25|1|0|25|1|25|1|0|25|1|25|1|0|
47|52|53|52|53|0|25|1|25|1|0|25|1|25|1|0|25|1|25|1|0|25|1|25|1|0|25|1|25|1|0|25|1|25|1|0|25|1|25|1|0|25|1|25|1|0|25|1|25|1|0|25|1|25|1|0|25|1|25|1|0|25|1|25|1|0|25|1|25|1|0|25|1|25|1|0|25|1|25|1|0|25|1|25|1|0|25|1|25|1|0|25|1|25|1|0|25|1|25|1|
10|11|16|15|17|20|21|23|21|23|0|25|1|25|1|0|25|1|25|1|0|25|1|25|1|0|25|1|25|1|0|25|1|25|1|0|25|1|25|1|0|25|1|25|1|0|25|1|25|1|0|25|1|25|1|0|25|1|25|1|0|25|1|25|1|0|25|1|25|1|0|25|1|25|1|0|25|1|25|1|0|25|1|25|1|0|25|1|25|1|0|25|1|25|1|0|25|1|25|1|
14|26|27|32|34|37|50|56|57|58|59|58|59|0|25|1|25|1|0|25|1|25|1|0|25|1|25|1|0|25|1|25|1|0|25|1|25|1|0|25|1|25|1|0|25|1|25|1|0|25|1|25|1|0|25|1|25|1|0|25|1|25|1|0|25|1|25|1|0|25|1|25|1|0|25|1|25|1|0|25|1|25|1|0|25|1|25|1|0|25|1|25|1|0|25|1|25|1|0|25|
20|21|23|21|23|0|25|1|25|1|0|25|1|25|1|0|25|1|25|1|0|25|1|25|1|0|25|1|25|1|0|25|1|25|1|0|25|1|25|1|0|25|1|25|1|0|25|1|25|1|0|25|1|25|1|0|25|1|25|1|0|25|1|25|1|0|25|1|25|1|0|25|1|25|1|0|25|1|25|1|0|25|1|25|1|0|25|1|25|1|0|25|1|25|1|0|25|1|25|1|
21|23|21|23|0|25|1|25|1|0|25|1|25|1|0|25|1|25|1|0|25|1|25|1|0|25|1|25|1|0|25|1|25|1|0|25|1|25|1|0|25|1|25|1|0|25|1|25|1|0|25|1|25|1|0|25|1|25|1|0|25|1|25|1|0|25|1|25|1|0|25|1|25|1|0|25|1|25|1|0|25|1|25|1|0|25|1|25|1|0|25|1|25|1|0|25|1|25|1|0|
1|25|1|25|0|25|0|25|1|0|25|1|25|1|0|25|1|25|1|0|25|1|25|1|0|25|1|25|1|0|25|1|25|1|0|25|1|25|1|0|25|1|25|1|0|25|1|25|1|0|25|1|25|1|0|25|1|25|1|0|25|1|25|1|0|25|1|25|1|0|25|1|25|1|0|25|1|25|1|0|25|1|25|1|0|25|1|25|1|0|25|1|25|1|0|25|1|25|1|0|
51|50|56|57|58|59|58|59|0|25|1|25|1|0|25|1|25|1|0|25|1|25|1|0|25|1|25|1|0|25|1|25|1|0|25|1|25|1|0|25|1|25|1|0|25|1|25|1|0|25|1|25|1|0|25|1|25|1|0|25|1|25|1|0|25|1|25|1|0|25|1|25|1|0|25|1|25|1|0|25|1|25|1|0|25|1|25|1|0|25|1|25|1|0|25|1|25|1|0|25|
12|13|14|26|27|32|34|37|50|56|57|58|59|58|59|0|25|1|25|1|0|25|1|25|1|0|25|1|25|1|0|25|1|25|1|0|25|1|25|1|0|25|1|25|1|0|25|1|25|1|0|25|1|25|1|0|25|1|25|1|0|25|1|25|1|0|25|1|25|1|0|25|1|25|1|0|25|1|25|1|0|25|1|25|1|0|25|1|25|1|0|25|1|25|1|0|25|1|25|1|
37|50|56|57|58|59|58|59|0|25|1|25|1|0|25|1|25|1|0|25|1|25|1|0|25|1|25|1|0|25|1|25|1|0|25|1|25|1|0|25|1|25|1|0|25|1|25|1|0|25|1|25|1|0|25|1|25|1|0|25|1|25|1|0|25|1|25|1|0|25|1|25|1|0|25|1|25|1|0|25|1|25|1|0|25|1|25|1|0|25|1|25|1|0|25|1|25|1|0|25|
55|56|57|58|59|58|59|0|25|1|25|1|0|25|1|25|1|0|25|1|25|1|0|25|1|25|1|0|25|1|25|1|0|25|1|25|1|0|25|1|25|1|0|25|1|25|1|0|25|1|25|1|0|25|1|25|1|0|25|1|25|1|0|25|1|25|1|0|25|1|25|1|0|25|1|25|1|0|25|1|25|1|0|25|1|25|1|0|25|1|25|1|0|25|1|25|1|0|25|1|
0|25|1|25|1|0|25|1|25|1|0|25|1|25|1|0|25|1|25|1|0|25|1|25|1|0|25|1|25|1|0|25|1|25|1|0|25|1|25|1|0|25|1|25|1|0|25|1|25|1|0|25|1|25|1|0|25|1|25|1|0|25|1|25|1|0|25|1|25|1|0|25|1|25|1|0|25|1|25|1|0|25|1|25|1|0|25|1|25|1|0|25|1|25|1|0|25|1|25|1|
49|53|52|53|52|0|25|1|25|1|0|25|1|25|1|0|25|1|25|1|0|25|1|25|1|0|25|1|25|1|0|25|1|25|1|0|25|1|25|1|0|25|1|25|1|0|25|1|25|1|0|25|1|25|1|0|25|1|25|1|0|25|1|25|1|0|25|1|25|1|0|25|1|25|1|0|25|1|25|1|0|25|1|25|1|0|25|1|25|1|0|25|1|25|1|0|25|1|25|1|
36|39|48|47|52|53|52|53|0|25|1|25|1|0|25|1|25|1|0|25|1|25|1|0|25|1|25|1|0|25|1|25|1|0|25|1|25|1|0|25|1|25|1|0|25|1|25|1|0|25|1|25|1|0|25|1|25|1|0|25|1|25|1|0|25|1|25|1|0|25|1|25|1|0|25|1|25|1|0|25|1|25|1|0|25|1|25|1|0|25|1|25|1|0|25|1|25|1|0|25|
58|59|58|59|0|25|1|25|1|0|25|1|25|1|0|25|1|25|1|0|25|1|25|1|0|25|1|25|1|0|25|1|25|1|0|25|1|25|1|0|25|1|25|1|0|25|1|25|1|0|25|1|25|1|0|25|1|25|1|0|25|1|25|1|0|25|1|25|1|0|25|1|25|1|0|25|1|25|1|0|25|1|25|1|0|25|1|25|1|0|25|1|25|1|0|25|1|25|1|0|
0|25|1|25|1|0|25|1|25|1|0|25|1|25|1|0|25|1|25|1|0|25|1|25|1|0|25|1|25|1|0|25|1|25|1|0|25|1|25|1|0|25|1|25|1|0|25|1|25|1|0|25|1|25|1|0|25|1|25|1|0|25|1|25|1|0|25|1|25|1|0|25|1|25|1|0|25|1|25|1|0|25|1|25|1|0|25|1|25|1|0|25|1|25|1|0|25|1|25|1|
13|14|26|27|32|34|37|50|56|57|58|59|58|59|0|25|1|25|1|0|25|1|25|1|0|25|1|25|1|0|25|1|25|1|0|25|1|25|1|0|25|1|25|1|0|25|1|25|1|0|25|1|25|1|0|25|1|25|1|0|25|1|25|1|0|25|1|25|1|0|25|1|25|1|0|25|1|25|1|0|25|1|25|1|0|25|1|25|1|0|25|1|25|1|0|25|1|25|1|0|
35|36|39|48|47|52|53|52|53|0|25|1|25|1|0|25|1|25|1|0|25|1|25|1|0|25|1|25|1|0|25|1|25|1|0|25|1|25|1|0|25|1|25|1|0|25|1|25|1|0|25|1|25|1|0|25|1|25|1|0|25|1|25|1|0|25|1|25|1|0|25|1|25|1|0|25|1|25|1|0|25|1|25|1|0|25|1|25|1|0|25|1|25|1|0|25|1|25|1|0|
34|37|50|56|57|58|59|58|59|0|25|1|25|1|0|25|1|25|1|0|25|1|25|1|0|25|1|25|1|0|25|1|25|1|0|25|1|25|1|0|25|1|25|1|0|25|1|25|1|0|25|1|25|1|0|25|1|25|1|0|25|1|25|1|0|25|1|25|1|0|25|1|25|1|0|25|1|25|1|0|25|1|25|1|0|25|1|25|1|0|25|1|25|1|0|25|1|25|1|0|
55|56|57|58|59|58|59|0|25|1|25|1|0|25|1|25|1|0|25|1|25|1|0|25|1|25|1|0|25|1|25|1|0|25|1|25|1|0|25|1|25|1|0|25|1|25|1|0|25|1|25|1|0|25|1|25|1|0|25|1|25|1|0|25|1|25|1|0|25|1|25|1|0|25|1|25|1|0|25|1|25|1|0|25|1|25|1|0|25|1|25|1|0|25|1|25|1|0|25|1|
12|13|14|26|27|32|34|37|50|56|57|58|59|58|59|0|25|1|25|1|0|25|1|25|1|0|25|1|25|1|0|25|1|25|1|0|25|1|25|1|0|25|1|25|1|0|25|1|25|1|0|25|1|25|1|0|25|1|25|1|0|25|1|25|1|0|25|1|25|1|0|25|1|25|1|0|25|1|25|1|0|25|1|25|1|0|25|1|25|1|0|25|1|25|1|0|25|1|25|1|
11|16|15|17|20|21|23|21|23|0|25|1|25|1|0|25|1|25|1|0|25|1|25|1|0|25|1|25|1|0|25|1|25|1|0|25|1|25|1|0|25|1|25|1|0|25|1|25|1|0|25|1|25|1|0|25|1|25|1|0|25|1|25|1|0|25|1|25|1|0|25|1|25|1|0|25|1|25|1|0|25|1|25|1|0|25|1|25|1|0|25|1|25|1|0|25|1|25|1|0|
57|58|59|58|59|0|25|1|25|1|0|25|1|25|1|0|25|1|25|1|0|25|1|25|1|0|25|1|25|1|0|25|1|25|1|0|25|1|25|1|0|25|1|25|1|0|25|1|25|1|0|25|1|25|1|0|25|1|25|1|0|25|1|25|1|0|25|1|25|1|0|25|1|25|1|0|25|1|25|1|0|25|1|25|1|0|25|1|25|1|0|25|1|25|1|0|25|1|25|1|
32|34|37|50|56|57|58|59|58|59|0|25|1|25|1|0|25|1|25|1|0|25|1|25|1|0|25|1|25|1|0|25|1|25|1|0|25|1|25|1|0|25|1|25|1|0|25|1|25|1|0|25|1|25|1|0|25|1|25|1|0|25|1|25|1|0|25|1|25|1|0|25|1|25|1|0|25|1|25|1|0|25|1|25|1|0|25|1|25|1|0|25|1|25|1|0|25|1|25|1|
32|34|37|50|56|57|58|59|58|59|0|25|1|25|1|0|25|1|25|1|0|25|1|25|1|0|25|1|25|1|0|25|1|25|1|0|25|1|25|1|0|25|1|25|1|0|25|1|25|1|0|25|1|25|1|0|25|1|25|1|0|25|1|25|1|0|25|1|25|1|0|25|1|25|1|0|25|1|25|1|0|25|1|25|1|0|25|1|25|1|0|25|1|25|1|0|25|1|25|1|
51|50|56|57|58|59|58|59|0|25|1|25|1|0|25|1|25|1|0|25|1|25|1|0|25|1|25|1|0|25|1|25|1|0|25|1|25|1|0|25|1|25|1|0|25|1|25|1|0|25|1|25|1|0|25|1|25|1|0|25|1|25|1|0|25|1|25|1|0|25|1|25|1|0|25|1|25|1|0|25|1|25|1|0|25|1|25|1|0|25|1|25|1|0|25|1|25|1|0|25|
55|56|57|58|59|58|59|0|25|1|25|1|0|25|1|25|1|0|25|1|25|1|0|25|1|25|1|0|25|1|25|1|0|25|1|25|1|0|25|1|25|1|0|25|1|25|1|0|25|1|25|1|0|25|1|25|1|0|25|1|25|1|0|25|1|25|1|0|25|1|25|1|0|25|1|25|1|0|25|1|25|1|0|25|1|25|1|0|25|1|25|1|0|25|1|25|1|0|25|1|
41|42|45|47|52|53|52|53|0|25|1|25|1|0|25|1|25|1|0|25|1|25|1|0|25|1|25|1|0|25|1|25|1|0|25|1|25|1|0|25|1|25|1|0|25|1|25|1|0|25|1|25|1|0|25|1|25|1|0|25|1|25|1|0|25|1|25|1|0|25|1|25|1|0|25|1|25|1|0|25|1|25|1|0|25|1|25|1|0|25|1|25|1|0|25|1|25|1|0|25|
36|39|48|47|52|53|52|53|0|25|1|25|1|0|25|1|25|1|0|25|1|25|1|0|25|1|25|1|0|25|1|25|1|0|25|1|25|1|0|25|1|25|1|0|25|1|25|1|0|25|1|25|1|0|25|1|25|1|0|25|1|25|1|0|25|1|25|1|0|25|1|25|1|0|25|1|25|1|0|25|1|25|1|0|25|1|25|1|0|25|1|25|1|0|25|1|25|1|0|25|
30|29|31|36|39|48|47|52|53|52|53|0|25|1|25|1|0|25|1|25|1|0|25|1|25|1|0|25|1|25|1|0|25|1|25|1|0|25|1|25|1|0|25|1|25|1|0|25|1|25|1|0|25|1|25|1|0|25|1|25|1|0|25|1|25|1|0|25|1|25|1|0|25|1|25|1|0|25|1|25|1|0|25|1|25|1|0|25|1|25|1|0|25|1|25|1|0|25|1|25|
33|32|33|32|33|0|25|1|25|1|0|25|1|25|1|0|25|1|25|1|0|25|1|25|1|0|25|1|25|1|0|25|1|25|1|0|25|1|25|1|0|25|1|25|1|0|25|1|25|1|0|25|1|25|1|0|25|1|25|1|0|25|1|25|1|0|25|1|25|1|0|25|1|25|1|0|25|1|25|1|0|25|1|25|1|0|25|1|25|1|0|25|1|25|1|0|25|1|25|1|
53|52|53|52|0|25|1|25|1|0|25|1|25|1|0|25|1|25|1|0|25|1|25|1|0|25|1|25|1|0|25|1|25|1|0|25|1|25|1|0|25|1|25|1|0|25|1|25|1|0|25|1|25|1|0|25|1|25|1|0|25|1|25|1|0|25|1|25|1|0|25|1|25|1|0|25|1|25|1|0|25|1|25|1|0|25|1|25|1|0|25|1|25|1|0|25|1|25|1|0|
23|21|23|21|23|0|25|1|25|1|0|25|1|25|1|0|25|1|25|1|0|25|1|25|1|0|25|1|25|1|0|25|1|25|1|0|25|1|25|1|0|25|1|25|1|0|25|1|25|1|0|25|1|25|1|0|25|1|25|1|0|25|1|25|1|0|25|1|25|1|0|25|1|25|1|0|25|1|25|1|0|25|1|25|1|0|25|1|25|1|0|25|1|25|1|0|25|1|25|1|
44|45|44|45|44|0|25|1|25|1|0|25|1|25|1|0|25|1|25|1|0|25|1|25|1|0|25|1|25|1|0|25|1|25|1|0|25|1|25|1|0|25|1|25|1|0|25|1|25|1|0|25|1|25|1|0|25|1|25|1|0|25|1|25|1|0|25|1|25|1|0|25|1|25|1|0|25|1|25|1|0|25|1|25|1|0|25|1|25|1|0|25|1|25|1|0|25|1|25|1|
14|15|16|15|16|0|25|1|25|1|0|25|1|25|1|0|25|1|25|1|0|25|1|25|1|0|25|1|25|1|0|25|1|25|1|0|25|1|25|1|0|25|1|25|1|0|25|1|25|1|0|25|1|25|1|0|25|1|25|1|0|25|1|25|1|0|25|1|25|1|0|25|1|25|1|0|25|1|25|1|0|25|1|25|1|0|25|1|25|1|0|25|1|25|1|0|25|1|25|1|
17|20|19|20|19|0|25|1|25|1|0|25|1|25|1|0|25|1|25|1|0|25|1|25|1|0|25|1|25|1|0|25|1|25|1|0|25|1|25|1|0|25|1|25|1|0|25|1|25|1|0|25|1|25|1|0|25|1|25|1|0|25|1|25|1|0|25|1|25|1|0|25|1|25|1|0|25|1|25|1|0|25|1|25|1|0|25|1|25|1|0|25|1|25|1|0|25|1|25|1|
58|59|58|59|0|25|1|25|1|0|25|1|25|1|0|25|1|25|1|0|25|1|25|1|0|25|1|25|1|0|25|1|25|1|0|25|1|25|1|0|25|1|25|1|0|25|1|25|1|0|25|1|25|1|0|25|1|25|1|0|25|1|25|1|0|25|1|25|1|0|25|1|25|1|0|25|1|25|1|0|25|1|25|1|0|25|1|25|1|0|25|1|25|1|0|25|1|25|1|0|
52|53|52|53|0|25|1|25|1|0|25|1|25|1|0|25|1|25|1|0|25|1|25|1|0|25|1|25|1|0|25|1|25|1|0|25|1|25|1|0|25|1|25|1|0|25|1|25|1|0|25|1|25|1|0|25|1|25|1|0|25|1|25|1|0|25|1|25|1|0|25|1|25|1|0|25|1|25|1|0|25|1|25|1|0|25|1|25|1|0|25|1|25|1|0|25|1|25|1|0|
51|50|51|50|51|0|25|1|25|1|0|25|1|25|1|0|25|1|25|1|0|25|1|25|1|0|25|1|25|1|0|25|1|25|1|0|25|1|25|1|0|25|1|25|1|0|25|1|25|1|0|25|1|25|1|0|25|1|25|1|0|25|1|25|1|0|25|1|25|1|0|25|1|25|1|0|25|1|25|1|0|25|1|25|1|0|25|1|25|1|0|25|1|25|1|0|25|1|25|1|
0|25|1|25|1|0|25|1|25|1|0|25|1|25|1|0|25|1|25|1|0|25|1|25|1|0|25|1|25|1|0|25|1|25|1|0|25|1|25|1|0|25|1|25|1|0|25|1|25|1|0|25|1|25|1|0|25|1|25|1|0|25|1|25|1|0|25|1|25|1|0|25|1|25|1|0|25|1|25|1|0|25|1|25|1|0|25|1|25|1|0|25|1|25|1|0|25|1|25|1|
35|36|39|48|47|48|47|48|0|25|1|25|1|0|25|1|25|1|0|25|1|25|1|0|25|1|25|1|0|25|1|25|1|0|25|1|25|1|0|25|1|25|1|0|25|1|25|1|0|25|1|25|1|0|25|1|25|1|0|25|1|25|1|0|25|1|25|1|0|25|1|25|1|0|25|1|25|1|0|25|1|25|1|0|25|1|25|1|0|25|1|25|1|0|25|1|25|1|0|25|
18|0|25|1|25|1|0|25|1|25|1|0|25|1|25|1|0|25|1|25|1|0|25|1|25|1|0|25|1|25|1|0|25|1|25|1|0|25|1|25|1|0|25|1|25|1|0|25|1|25|1|0|25|1|25|1|0|25|1|25|1|0|25|1|25|1|0|25|1|25|1|0|25|1|25|1|0|25|1|25|1|0|25|1|25|1|0|25|1|25|1|0|25|1|25|1|0|25|1|25|
4|5|6|7|10|11|12|13|14|15|16|15|16|0|25|1|25|1|0|25|1|25|1|0|25|1|25|1|0|25|1|25|1|0|25|1|25|1|0|25|1|25|1|0|25|1|25|1|0|25|1|25|1|0|25|1|25|1|0|25|1|25|1|0|25|1|25|1|0|25|1|25|1|0|25|1|25|1|0|25|1|25|1|0|25|1|25|1|0|25|1|25|1|0|25|1|25|1|0|25|
38|39|48|47|48|47|48|0|25|1|25|1|0|25|1|25|1|0|25|1|25|1|0|25|1|25|1|0|25|1|25|1|0|25|1|25|1|0|25|1|25|1|0|25|1|25|1|0|25|1|25|1|0|25|1|25|1|0|25|1|25|1|0|25|1|25|1|0|25|1|25|1|0|25|1|25|1|0|25|1|25|1|0|25|1|25|1|0|25|1|25|1|0|25|1|25|1|0|25|1|
8|7|6|5|4|3|2|1|0|25|2|3|4|5|23|21|23|0|25|1|0|25|1|0|25|1|0|25|1|0|25|1|0|25|1|0|25|1|0|25|1|0|25|1|0|25|1|0|25|1|0|25|1|0|25|1|0|25|1|0|25|1|0|25|1|0|25|1|0|25|1|0|25|1|0|25|1|0|25|1|0|25|1|0|25|1|0|25|1|0|25|1|0|25|1|0|25|1|0|25|
42|45|47|52|53|0|25|1|0|25|1|0|25|1|0|25|1|0|25|1|0|25|1|0|25|1|0|25|1|0|25|1|0|25|1|0|25|1|0|25|1|0|25|1|0|25|1|0|25|1|0|25|1|0|25|1|0|25|1|0|25|1|0|25|1|0|25|1|0|25|1|0|25|1|0|25|1|0|25|1|0|25|1|0|25|1|0|25|1|0|25|1|0|25|1|0|25|1|0|25|
50|56|57|58|59|0|25|1|0|25|1|0|25|1|0|25|1|0|25|1|0|25|1|0|25|1|0|25|1|0|25|1|0|25|1|0|25|1|0|25|1|0|25|1|0|25|1|0|25|1|0|25|1|0|25|1|0|25|1|0|25|1|0|25|1|0|25|1|0|25|1|0|25|1|0|25|1|0|25|1|0|25|1|0|25|1|0|25|1|0|25|1|0|25|1|0|25|1|0|25|
57|58|59|58|0|25|1|0|25|1|0|25|1|0|25|1|0|25|1|0|25|1|0|25|1|0|25|1|0|25|1|0|25|1|0|25|1|0|25|1|0|25|1|0|25|1|0|25|1|0|25|1|0|25|1|0|25|1|0|25|1|0|25|1|0|25|1|0|25|1|0|25|1|0|25|1|0|25|1|0|25|1|0|25|1|0|25|1|0|25|1|0|25|1|0|25|1|0|25|1|
2|3|4|5|23|21|23|0|25|1|0|25|1|0|25|1|0|25|1|0|25|1|0|25|1|0|25|1|0|25|1|0|25|1|0|25|1|0|25|1|0|25|1|0|25|1|0|25|1|0|25|1|0|25|1|0|25|1|0|25|1|0|25|1|0|25|1|0|25|1|0|25|1|0|25|1|0|25|1|0|25|1|0|25|1|0|25|1|0|25|1|0|25|1|0|25|1|0|25|1|
21|23|21|23|0|25|1|0|25|1|0|25|1|0|25|1|0|25|1|0|25|1|0|25|1|0|25|1|0|25|1|0|25|1|0|25|1|0|25|1|0|25|1|0|25|1|0|25|1|0|25|1|0|25|1|0|25|1|0|25|1|0|25|1|0|25|1|0|25|1|0|25|1|0|25|1|0|25|1|0|25|1|0|25|1|0|25|1|0|25|1|0|25|1|0|25|1|0|25|1|
42|45|47|52|53|0|25|1|0|25|1|0|25|1|0|25|1|0|25|1|0|25|1|0|25|1|0|25|1|0|25|1|0|25|1|0|25|1|0|25|1|0|25|1|0|25|1|0|25|1|0|25|1|0|25|1|0|25|1|0|25|1|0|25|1|0|25|1|0|25|1|0|25|1|0|25|1|0|25|1|0|25|1|0|25|1|0|25|1|0|25|1|0|25|1|0|25|1|0|25|
32|34|37|50|56|57|58|59|0|25|1|0|25|1|0|25|1|0|25|1|0|25|1|0|25|1|0|25|1|0|25|1|0|25|1|0|25|1|0|25|1|0|25|1|0|25|1|0|25|1|0|25|1|0|25|1|0|25|1|0|25|1|0|25|1|0|25|1|0|25|1|0|25|1|0|25|1|0|25|1|0|25|1|0|25|1|0|25|1|0|25|1|0|25|1|0|25|1|0|25|
6|21|23|21|23|0|25|1|0|25|1|0|25|1|0|25|1|0|25|1|0|25|1|0|25|1|0|25|1|0|25|1|0|25|1|0|25|1|0|25|1|0|25|1|0|25|1|0|25|1|0|25|1|0|25|1|0|25|1|0|25|1|0|25|1|0|25|1|0|25|1|0|25|1|0|25|1|0|25|1|0|25|1|0|25|1|0|25|1|0|25|1|0|25|1|0|25|1|0|25|
41|42|45|47|52|53|0|25|1|0|25|1|0|25|1|0|25|1|0|25|1|0|25|1|0|25|1|0|25|1|0|25|1|0|25|1|0|25|1|0|25|1|0|25|1|0|25|1|0|25|1|0|25|1|0|25|1|0|25|1|0|25|1|0|25|1|0|25|1|0|25|1|0|25|1|0|25|1|0|25|1|0|25|1|0|25|1|0|25|1|0|25|1|0|25|1|0|25|1|0|
55|56|57|58|59|0|25|1|0|25|1|0|25|1|0|25|1|0|25|1|0|25|1|0|25|1|0|25|1|0|25|1|0|25|1|0|25|1|0|25|1|0|25|1|0|25|1|0|25|1|0|25|1|0|25|1|0|25|1|0|25|1|0|25|1|0|25|1|0|25|1|0|25|1|0|25|1|0|25|1|0|25|1|0|25|1|0|25|1|0|25|1|0|25|1|0|25|1|0|25|
48|47|52|53|0|25|1|0|25|1|0|25|1|0|25|1|0|25|1|0|25|1|0|25|1|0|25|1|0|25|1|0|25|1|0|25|1|0|25|1|0|25|1|0|25|1|0|25|1|0|25|1|0|25|1|0|25|1|0|25|1|0|25|1|0|25|1|0|25|1|0|25|1|0|25|1|0|25|1|0|25|1|0|25|1|0|25|1|0|25|1|0|25|1|0|25|1|0|25|1|
30|29|31|36|39|48|47|52|53|0|25|1|0|25|1|0|25|1|0|25|1|0|25|1|0|25|1|0|25|1|0|25|1|0|25|1|0|25|1|0|25|1|0|25|1|0|25|1|0|25|1|0|25|1|0|25|1|0|25|1|0|25|1|0|25|1|0|25|1|0|25|1|0|25|1|0|25|1|0|25|1|0|25|1|0|25|1|0|25|1|0|25|1|0|25|1|0|25|1|0|
30|29|31|36|39|48|47|52|53|0|25|1|0|25|1|0|25|1|0|25|1|0|25|1|0|25|1|0|25|1|0|25|1|0|25|1|0|25|1|0|25|1|0|25|1|0|25|1|0|25|1|0|25|1|0|25|1|0|25|1|0|25|1|0|25|1|0|25|1|0|25|1|0|25|1|0|25|1|0|25|1|0|25|1|0|25|1|0|25|1|0|25|1|0|25|1|0|25|1|0|
8|7|10|11|16|15|17|20|21|23|0|25|1|0|25|1|0|25|1|0|25|1|0|25|1|0|25|1|0|25|1|0|25|1|0|25|1|0|25|1|0|25|1|0|25|1|0|25|1|0|25|1|0|25|1|0|25|1|0|25|1|0|25|1|0|25|1|0|25|1|0|25|1|0|25|1|0|25|1|0|25|1|0|25|1|0|25|1|0|25|1|0|25|1|0|25|1|0|25|1|
36|39|48|47|52|53|0|25|1|0|25|1|0|25|1|0|25|1|0|25|1|0|25|1|0|25|1|0|25|1|0|25|1|0|25|1|0|25|1|0|25|1|0|25|1|0|25|1|0|25|1|0|25|1|0|25|1|0|25|1|0|25|1|0|25|1|0|25|1|0|25|1|0|25|1|0|25|1|0|25|1|0|25|1|0|25|1|0|25|1|0|25|1|0|25|1|0|25|1|0|
19|20|21|23|0|25|1|0|25|1|0|25|1|0|25|1|0|25|1|0|25|1|0|25|1|0|25|1|0|25|1|0|25|1|0|25|1|0|25|1|0|25|1|0|25|1|0|25|1|0|25|1|0|25|1|0|25|1|0|25|1|0|25|1|0|25|1|0|25|1|0|25|1|0|25|1|0|25|1|0|25|1|0|25|1|0|25|1|0|25|1|0|25|1|0|25|1|0|25|1|
3|4|5|23|21|23|0|25|1|0|25|1|0|25|1|0|25|1|0|25|1|0|25|1|0|25|1|0|25|1|0|25|1|0|25|1|0|25|1|0|25|1|0|25|1|0|25|1|0|25|1|0|25|1|0|25|1|0|25|1|0|25|1|0|25|1|0|25|1|0|25|1|0|25|1|0|25|1|0|25|1|0|25|1|0|25|1|0|25|1|0|25|1|0|25|1|0|25|1|0|
58|59|58|59|0|25|1|0|25|1|0|25|1|0|25|1|0|25|1|0|25|1|0|25|1|0|25|1|0|25|1|0|25|1|0|25|1|0|25|1|0|25|1|0|25|1|0|25|1|0|25|1|0|25|1|0|25|1|0|25|1|0|25|1|0|25|1|0|25|1|0|25|1|0|25|1|0|25|1|0|25|1|0|25|1|0|25|1|0|25|1|0|25|1|0|25|1|0|25|1|
54|59|58|59|0|25|1|0|25|1|0|25|1|0|25|1|0|25|1|0|25|1|0|25|1|0|25|1|0|25|1|0|25|1|0|25|1|0|25|1|0|25|1|0|25|1|0|25|1|0|25|1|0|25|1|0|25|1|0|25|1|0|25|1|0|25|1|0|25|1|0|25|1|0|25|1|0|25|1|0|25|1|0|25|1|0|25|1|0|25|1|0|25|1|0|25|1|0|25|1|
39|48|47|52|53|0|25|1|0|25|1|0|25|1|0|25|1|0|25|1|0|25|1|0|25|1|0|25|1|0|25|1|0|25|1|0|25|1|0|25|1|0|25|1|0|25|1|0|25|1|0|25|1|0|25|1|0|25|1|0|25|1|0|25|1|0|25|1|0|25|1|0|25|1|0|25|1|0|25|1|0|25|1|0|25|1|0|25|1|0|25|1|0|25|1|0|25|1|0|25|
44|45|47|52|53|0|25|1|0|25|1|0|25|1|0|25|1|0|25|1|0|25|1|0|25|1|0|25|1|0|25|1|0|25|1|0|25|1|0|25|1|0|25|1|0|25|1|0|25|1|0|25|1|0|25|1|0|25|1|0|25|1|0|25|1|0|25|1|0|25|1|0|25|1|0|25|1|0|25|1|0|25|1|0|25|1|0|25|1|0|25|1|0|25|1|0|25|1|0|25|
7|10|11|16|15|17|20|21|23|0|25|1|0|25|1|0|25|1|0|25|1|0|25|1|0|25|1|0|25|1|0|25|1|0|25|1|0|25|1|0|25|1|0|25|1|0|25|1|0|25|1|0|25|1|0|25|1|0|25|1|0|25|1|0|25|1|0|25|1|0|25|1|0|25|1|0|25|1|0|25|1|0|25|1|0|25|1|0|25|1|0|25|1|0|25|1|0|25|1|0|
38|39|48|47|52|53|0|25|1|0|25|1|0|25|1|0|25|1|0|25|1|0|25|1|0|25|1|0|25|1|0|25|1|0|25|1|0|25|1|0|25|1|0|25|1|0|25|1|0|25|1|0|25|1|0|25|1|0|25|1|0|25|1|0|25|1|0|25|1|0|25|1|0|25|1|0|25|1|0|25|1|0|25|1|0|25|1|0|25|1|0|25|1|0|25|1|0|25|1|0|
4|5|23|21|23|0|25|1|0|25|1|0|25|1|0|25|1|0|25|1|0|25|1|0|25|1|0|25|1|0|25|1|0|25|1|0|25|1|0|25|1|0|25|1|0|25|1|0|25|1|0|25|1|0|25|1|0|25|1|0|25|1|0|25|1|0|25|1|0|25|1|0|25|1|0|25|1|0|25|1|0|25|1|0|25|1|0|25|1|0|25|1|0|25|1|0|25|1|0|25|
24|2|3|4|5|23|21|23|0|25|1|0|25|1|0|25|1|0|25|1|0|25|1|0|25|1|0|25|1|0|25|1|0|25|1|0|25|1|0|25|1|0|25|1|0|25|1|0|25|1|0|25|1|0|25|1|0|25|1|0|25|1|0|25|1|0|25|1|0|25|1|0|25|1|0|25|1|0|25|1|0|25|1|0|25|1|0|25|1|0|25|1|0|25|1|0|25|1|0|25|
58|59|58|59|0|25|1|0|25|1|0|25|1|0|25|1|0|25|1|0|25|1|0|25|1|0|25|1|0|25|1|0|25|1|0|25|1|0|25|1|0|25|1|0|25|1|0|25|1|0|25|1|0|25|1|0|25|1|0|25|1|0|25|1|0|25|1|0|25|1|0|25|1|0|25|1|0|25|1|0|25|1|0|25|1|0|25|1|0|25|1|0|25|1|0|25|1|0|25|1|
33|32|34|37|50|56|57|58|59|0|25|1|0|25|1|0|25|1|0|25|1|0|25|1|0|25|1|0|25|1|0|25|1|0|25|1|0|25|1|0|25|1|0|25|1|0|25|1|0|25|1|0|25|1|0|25|1|0|25|1|0|25|1|0|25|1|0|25|1|0|25|1|0|25|1|0|25|1|0|25|1|0|25|1|0|25|1|0|25|1|0|25|1|0|25|1|0|25|1|0|
53|52|53|52|0|25|1|0|25|1|0|25|1|0|25|1|0|25|1|0|25|1|0|25|1|0|25|1|0|25|1|0|25|1|0|25|1|0|25|1|0|25|1|0|25|1|0|25|1|0|25|1|0|25|1|0|25|1|0|25|1|0|25|1|0|25|1|0|25|1|0|25|1|0|25|1|0|25|1|0|25|1|0|25|1|0|25|1|0|25|1|0|25|1|0|25|1|0|25|1|
39|48|47|52|53|0|25|1|0|25|1|0|25|1|0|25|1|0|25|1|0|25|1|0|25|1|0|25|1|0|25|1|0|25|1|0|25|1|0|25|1|0|25|1|0|25|1|0|25|1|0|25|1|0|25|1|0|25|1|0|25|1|0|25|1|0|25|1|0|25|1|0|25|1|0|25|1|0|25|1|0|25|1|0|25|1|0|25|1|0|25|1|0|25|1|0|25|1|0|25|
21|23|21|23|0|25|1|0|25|1|0|25|1|0|25|1|0|25|1|0|25|1|0|25|1|0|25|1|0|25|1|0|25|1|0|25|1|0|25|1|0|25|1|0|25|1|0|25|1|0|25|1|0|25|1|0|25|1|0|25|1|0|25|1|0|25|1|0|25|1|0|25|1|0|25|1|0|25|1|0|25|1|0|25|1|0|25|1|0|25|1|0|25|1|0|25|1|0|25|1|
30|29|31|36|39|48|47|52|53|0|25|1|0|25|1|0|25|1|0|25|1|0|25|1|0|25|1|0|25|1|0|25|1|0|25|1|0|25|1|0|25|1|0|25|1|0|25|1|0|25|1|0|25|1|0|25|1|0|25|1|0|25|1|0|25|1|0|25|1|0|25|1|0|25|1|0|25|1|0|25|1|0|25|1|0|25|1|0|25|1|0|25|1|0|25|1|0|25|1|0|
55|56|57|58|59|0|25|1|0|25|1|0|25|1|0|25|1|0|25|1|0|25|1|0|25|1|0|25|1|0|25|1|0|25|1|0|25|1|0|25|1|0|25|1|0|25|1|0|25|1|0|25|1|0|25|1|0|25|1|0|25|1|0|25|1|0|25|1|0|25|1|0|25|1|0|25|1|0|25|1|0|25|1|0|25|1|0|25|1|0|25|1|0|25|1|0|25|1|0|25|
5|23|21|23|0|25|1|0|25|1|0|25|1|0|25|1|0|25|1|0|25|1|0|25|1|0|25|1|0|25|1|0|25|1|0|25|1|0|25|1|0|25|1|0|25|1|0|25|1|0|25|1|0|25|1|0|25|1|0|25|1|0|25|1|0|25|1|0|25|1|0|25|1|0|25|1|0|25|1|0|25|1|0|25|1|0|25|1|0|25|1|0|25|1|0|25|1|0|25|1|
16|15|17|20|21|23|0|25|1|0|25|1|0|25|1|0|25|1|0|25|1|0|25|1|0|25|1|0|25|1|0|25|1|0|25|1|0|25|1|0|25|1|0|25|1|0|25|1|0|25|1|0|25|1|0|25|1|0|25|1|0|25|1|0|25|1|0|25|1|0|25|1|0|25|1|0|25|1|0|25|1|0|25|1|0|25|1|0|25|1|0|25|1|0|25|1|0|25|1|0|
6|21|23|21|23|0|25|1|0|25|1|0|25|1|0|25|1|0|25|1|0|25|1|0|25|1|0|25|1|0|25|1|0|25|1|0|25|1|0|25|1|0|25|1|0|25|1|0|25|1|0|25|1|0|25|1|0|25|1|0|25|1|0|25|1|0|25|1|0|25|1|0|25|1|0|25|1|0|25|1|0|25|1|0|25|1|0|25|1|0|25|1|0|25|1|0|25|1|0|25|
46|2|3|4|5|23|21|23|0|25|1|0|25|1|0|25|1|0|25|1|0|25|1|0|25|1|0|25|1|0|25|1|0|25|1|0|25|1|0|25|1|0|25|1|0|25|1|0|25|1|0|25|1|0|25|1|0|25|1|0|25|1|0|25|1|0|25|1|0|25|1|0|25|1|0|25|1|0|25|1|0|25|1|0|25|1|0|25|1|0|25|1|0|25|1|0|25|1|0|25|
1|25|1|25|0|25|1|0|25|1|0|25|1|0|25|1|0|25|1|0|25|1|0|25|1|0|25|1|0|25|1|0|25|1|0|25|1|0|25|1|0|25|1|0|25|1|0|25|1|0|25|1|0|25|1|0|25|1|0|25|1|0|25|1|0|25|1|0|25|1|0|25|1|0|25|1|0|25|1|0|25|1|0|25|1|0|25|1|0|25|1|0|25|1|0|25|1|0|25|1|
51|50|56|57|58|59|0|25|1|0|25|1|0|25|1|0|25|1|0|25|1|0|25|1|0|25|1|0|25|1|0|25|1|0|25|1|0|25|1|0|25|1|0|25|1|0|25|1|0|25|1|0|25|1|0|25|1|0|25|1|0|25|1|0|25|1|0|25|1|0|25|1|0|25|1|0|25|1|0|25|1|0|25|1|0|25|1|0|25|1|0|25|1|0|25|1|0|25|1|0|
13|14|26|27|32|34|37|50|56|57|58|59|0|25|1|0|25|1|0|25|1|0|25|1|0|25|1|0|25|1|0|25|1|0|25|1|0|25|1|0|25|1|0|25|1|0|25|1|0|25|1|0|25|1|0|25|1|0|25|1|0|25|1|0|25|1|0|25|1|0|25|1|0|25|1|0|25|1|0|25|1|0|25|1|0|25|1|0|25|1|0|25|1|0|25|1|0|25|1|0|
34|37|50|56|57|58|59|0|25|1|0|25|1|0|25|1|0|25|1|0|25|1|0|25|1|0|25|1|0|25|1|0|25|1|0|25|1|0|25|1|0|25|1|0|25|1|0|25|1|0|25|1|0|25|1|0|25|1|0|25|1|0|25|1|0|25|1|0|25|1|0|25|1|0|25|1|0|25|1|0|25|1|0|25|1|0|25|1|0|25|1|0|25|1|0|25|1|0|25|1|
52|53|52|53|0|25|1|0|25|1|0|25|1|0|25|1|0|25|1|0|25|1|0|25|1|0|25|1|0|25|1|0|25|1|0|25|1|0|25|1|0|25|1|0|25|1|0|25|1|0|25|1|0|25|1|0|25|1|0|25|1|0|25|1|0|25|1|0|25|1|0|25|1|0|25|1|0|25|1|0|25|1|0|25|1|0|25|1|0|25|1|0|25|1|0|25|1|0|25|1|
37|50|56|57|58|59|0|25|1|0|25|1|0|25|1|0|25|1|0|25|1|0|25|1|0|25|1|0|25|1|0|25|1|0|25|1|0|25|1|0|25|1|0|25|1|0|25|1|0|25|1|0|25|1|0|25|1|0|25|1|0|25|1|0|25|1|0|25|1|0|25|1|0|25|1|0|25|1|0|25|1|0|25|1|0|25|1|0|25|1|0|25|1|0|25|1|0|25|1|0|
41|42|45|47|52|53|0|25|1|0|25|1|0|25|1|0|25|1|0|25|1|0|25|1|0|25|1|0|25|1|0|25|1|0|25|1|0|25|1|0|25|1|0|25|1|0|25|1|0|25|1|0|25|1|0|25|1|0|25|1|0|25|1|0|25|1|0|25|1|0|25|1|0|25|1|0|25|1|0|25|1|0|25|1|0|25|1|0|25|1|0|25|1|0|25|1|0|25|1|0|
35|36|39|48|47|52|53|0|25|1|0|25|1|0|25|1|0|25|1|0|25|1|0|25|1|0|25|1|0|25|1|0|25|1|0|25|1|0|25|1|0|25|1|0|25|1|0|25|1|0|25|1|0|25|1|0|25|1|0|25|1|0|25|1|0|25|1|0|25|1|0|25|1|0|25|1|0|25|1|0|25|1|0|25|1|0|25|1|0|25|1|0|25|1|0|25|1|0|25|1|
43|42|45|47|52|53|0|25|1|0|25|1|0|25|1|0|25|1|0|25|1|0|25|1|0|25|1|0|25|1|0|25|1|0|25|1|0|25|1|0|25|1|0|25|1|0|25|1|0|25|1|0|25|1|0|25|1|0|25|1|0|25|1|0|25|1|0|25|1|0|25|1|0|25|1|0|25|1|0|25|1|0|25|1|0|25|1|0|25|1|0|25|1|0|25|1|0|25|1|0|
16|15|17|20|21|23|0|25|1|0|25|1|0|25|1|0|25|1|0|25|1|0|25|1|0|25|1|0|25|1|0|25|1|0|25|1|0|25|1|0|25|1|0|25|1|0|25|1|0|25|1|0|25|1|0|25|1|0|25|1|0|25|1|0|25|1|0|25|1|0|25|1|0|25|1|0|25|1|0|25|1|0|25|1|0|25|1|0|25|1|0|25|1|0|25|1|0|25|1|0|
10|11|16|15|17|20|21|23|0|25|1|0|25|1|0|25|1|0|25|1|0|25|1|0|25|1|0|25|1|0|25|1|0|25|1|0|25|1|0|25|1|0|25|1|0|25|1|0|25|1|0|25|1|0|25|1|0|25|1|0|25|1|0|25|1|0|25|1|0|25|1|0|25|1|0|25|1|0|25|1|0|25|1|0|25|1|0|25|1|0|25|1|0|25|1|0|25|1|0|25|
48|47|52|53|0|25|1|0|25|1|0|25|1|0|25|1|0|25|1|0|25|1|0|25|1|0|25|1|0|25|1|0|25|1|0|25|1|0|25|1|0|25|1|0|25|1|0|25|1|0|25|1|0|25|1|0|25|1|0|25|1|0|25|1|0|25|1|0|25|1|0|25|1|0|25|1|0|25|1|0|25|1|0|25|1|0|25|1|0|25|1|0|25|1|0|25|1|0|25|1|
34|37|50|56|57|58|59|0|25|1|0|25|1|0|25|1|0|25|1|0|25|1|0|25|1|0|25|1|0|25|1|0|25|1|0|25|1|0|25|1|0|25|1|0|25|1|0|25|1|0|25|1|0|25|1|0|25|1|0|25|1|0|25|1|0|25|1|0|25|1|0|25|1|0|25|1|0|25|1|0|25|1|0|25|1|0|25|1|0|25|1|0|25|1|0|25|1|0|25|1|
38|39|48|47|52|53|0|25|1|0|25|1|0|25|1|0|25|1|0|25|1|0|25|1|0|25|1|0|25|1|0|25|1|0|25|1|0|25|1|0|25|1|0|25|1|0|25|1|0|25|1|0|25|1|0|25|1|0|25|1|0|25|1|0|25|1|0|25|1|0|25|1|0|25|1|0|25|1|0|25|1|0|25|1|0|25|1|0|25|1|0|25|1|0|25|1|0|25|1|0|
33|32|34|37|50|56|57|58|59|0|25|1|0|25|1|0|25|1|0|25|1|0|25|1|0|25|1|0|25|1|0|25|1|0|25|1|0|25|1|0|25|1|0|25|1|0|25|1|0|25|1|0|25|1|0|25|1|0|25|1|0|25|1|0|25|1|0|25|1|0|25|1|0|25|1|0|25|1|0|25|1|0|25|1|0|25|1|0|25|1|0|25|1|0|25|1|0|25|1|0|
7|10|11|16|15|17|20|21|23|0|25|1|0|25|1|0|25|1|0|25|1|0|25|1|0|25|1|0|25|1|0|25|1|0|25|1|0|25|1|0|25|1|0|25|1|0|25|1|0|25|1|0|25|1|0|25|1|0|25|1|0|25|1|0|25|1|0|25|1|0|25|1|0|25|1|0|25|1|0|25|1|0|25|1|0|25|1|0|25|1|0|25|1|0|25|1|0|25|1|0|
44|45|47|52|53|0|25|1|0|25|1|0|25|1|0|25|1|0|25|1|0|25|1|0|25|1|0|25|1|0|25|1|0|25|1|0|25|1|0|25|1|0|25|1|0|25|1|0|25|1|0|25|1|0|25|1|0|25|1|0|25|1|0|25|1|0|25|1|0|25|1|0|25|1|0|25|1|0|25|1|0|25|1|0|25|1|0|25|1|0|25|1|0|25|1|0|25|1|0|25|
28|29|31|36|39|48|47|52|53|0|25|1|0|25|1|0|25|1|0|25|1|0|25|1|0|25|1|0|25|1|0|25|1|0|25|1|0|25|1|0|25|1|0|25|1|0|25|1|0|25|1|0|25|1|0|25|1|0|25|1|0|25|1|0|25|1|0|25|1|0|25|1|0|25|1|0|25|1|0|25|1|0|25|1|0|25|1|0|25|1|0|25|1|0|25|1|0|25|1|0|
23|21|23|21|23|0|25|1|0|25|1|0|25|1|0|25|1|0|25|1|0|25|1|0|25|1|0|25|1|0|25|1|0|25|1|0|25|1|0|25|1|0|25|1|0|25|1|0|25|1|0|25|1|0|25|1|0|25|1|0|25|1|0|25|1|0|25|1|0|25|1|0|25|1|0|25|1|0|25|1|0|25|1|0|25|1|0|25|1|0|25|1|0|25|1|0|25|1|0|25|
34|35|36|39|48|47|48|0|25|1|0|25|1|0|25|1|0|25|1|0|25|1|0|25|1|0|25|1|0|25|1|0|25|1|0|25|1|0|25|1|0|25|1|0|25|1|0|25|1|0|25|1|0|25|1|0|25|1|0|25|1|0|25|1|0|25|1|0|25|1|0|25|1|0|25|1|0|25|1|0|25|1|0|25|1|0|25|1|0|25|1|0|25|1|0|25|1|0|25|1|
12|13|14|15|16|0|25|1|0|25|1|0|25|1|0|25|1|0|25|1|0|25|1|0|25|1|0|25|1|0|25|1|0|25|1|0|25|1|0|25|1|0|25|1|0|25|1|0|25|1|0|25|1|0|25|1|0|25|1|0|25|1|0|25|1|0|25|1|0|25|1|0|25|1|0|25|1|0|25|1|0|25|1|0|25|1|0|25|1|0|25|1|0|25|1|0|25|1|0|25|
52|53|52|53|0|25|1|0|25|1|0|25|1|0|25|1|0|25|1|0|25|1|0|25|1|0|25|1|0|25|1|0|25|1|0|25|1|0|25|1|0|25|1|0|25|1|0|25|1|0|25|1|0|25|1|0|25|1|0|25|1|0|25|1|0|25|1|0|25|1|0|25|1|0|25|1|0|25|1|0|25|1|0|25|1|0|25|1|0|25|1|0|25|1|0|25|1|0|25|1|
36|39|48|47|48|0|25|1|0|25|1|0|25|1|0|25|1|0|25|1|0|25|1|0|25|1|0|25|1|0|25|1|0|25|1|0|25|1|0|25|1|0|25|1|0|25|1|0|25|1|0|25|1|0|25|1|0|25|1|0|25|1|0|25|1|0|25|1|0|25|1|0|25|1|0|25|1|0|25|1|0|25|1|0|25|1|0|25|1|0|25|1|0|25|1|0|25|1|0|25|
21|23|21|23|0|25|1|0|25|1|0|25|1|0|25|1|0|25|1|0|25|1|0|25|1|0|25|1|0|25|1|0|25|1|0|25|1|0|25|1|0|25|1|0|25|1|0|25|1|0|25|1|0|25|1|0|25|1|0|25|1|0|25|1|0|25|1|0|25|1|0|25|1|0|25|1|0|25|1|0|25|1|0|25|1|0|25|1|0|25|1|0|25|1|0|25|1|0|25|1|
9|10|11|12|13|14|15|16|0|25|1|0|25|1|0|25|1|0|25|1|0|25|1|0|25|1|0|25|1|0|25|1|0|25|1|0|25|1|0|25|1|0|25|1|0|25|1|0|25|1|0|25|1|0|25|1|0|25|1|0|25|1|0|25|1|0|25|1|0|25|1|0|25|1|0|25|1|0|25|1|0|25|1|0|25|1|0|25|1|0|25|1|0|25|1|0|25|1|0|25|
38|39|48|47|48|0|25|1|0|25|1|0|25|1|0|25|1|0|25|1|0|25|1|0|25|1|0|25|1|0|25|1|0|25|1|0|25|1|0|25|1|0|25|1|0|25|1|0|25|1|0|25|1|0|25|1|0|25|1|0|25|1|0|25|1|0|25|1|0|25|1|0|25|1|0|25|1|0|25|1|0|25|1|0|25|1|0|25|1|0|25|1|0|25|1|0|25|1|0|25|
26|27|28|29|31|36|39|48|47|48|0|25|1|0|25|1|0|25|1|0|25|1|0|25|1|0|25|1|0|25|1|0|25|1|0|25|1|0|25|1|0|25|1|0|25|1|0|25|1|0|25|1|0|25|1|0|25|1|0|25|1|0|25|1|0|25|1|0|25|1|0|25|1|0|25|1|0|25|1|0|25|1|0|25|1|0|25|1|0|25|1|0|25|1|0|25|1|0|25|1|
19|20|19|20|19|0|25|1|0|25|1|0|25|1|0|25|1|0|25|1|0|25|1|0|25|1|0|25|1|0|25|1|0|25|1|0|25|1|0|25|1|0|25|1|0|25|1|0|25|1|0|25|1|0|25|1|0|25|1|0|25|1|0|25|1|0|25|1|0|25|1|0|25|1|0|25|1|0|25|1|0|25|1|0|25|1|0|25|1|0|25|1|0|25|1|0|25|1|0|25|
24|2|3|4|5|6|7|10|11|12|13|14|15|16|0|25|1|0|25|1|0|25|1|0|25|1|0|25|1|0|25|1|0|25|1|0|25|1|0|25|1|0|25|1|0|25|1|0|25|1|0|25|1|0|25|1|0|25|1|0|25|1|0|25|1|0|25|1|0|25|1|0|25|1|0|25|1|0|25|1|0|25|1|0|25|1|0|25|1|0|25|1|0|25|1|0|25|1|0|25|
52|53|52|53|0|25|1|0|25|1|0|25|1|0|25|1|0|25|1|0|25|1|0|25|1|0|25|1|0|25|1|0|25|1|0|25|1|0|25|1|0|25|1|0|25|1|0|25|1|0|25|1|0|25|1|0|25|1|0|25|1|0|25|1|0|25|1|0|25|1|0|25|1|0|25|1|0|25|1|0|25|1|0|25|1|0|25|1|0|25|1|0|25|1|0|25|1|0|25|1|
24|2|3|4|5|6|7|10|11|12|13|14|15|16|0|25|1|0|25|1|0|25|1|0|25|1|0|25|1|0|25|1|0|25|1|0|25|1|0|25|1|0|25|1|0|25|1|0|25|1|0|25|1|0|25|1|0|25|1|0|25|1|0|25|1|0|25|1|0|25|1|0|25|1|0|25|1|0|25|1|0|25|1|0|25|1|0|25|1|0|25|1|0|25|1|0|25|1|0|25|
14|15|16|15|16|0|25|1|0|25|1|0|25|1|0|25|1|0|25|1|0|25|1|0|25|1|0|25|1|0|25|1|0|25|1|0|25|1|0|25|1|0|25|1|0|25|1|0|25|1|0|25|1|0|25|1|0|25|1|0|25|1|0|25|1|0|25|1|0|25|1|0|25|1|0|25|1|0|25|1|0|25|1|0|25|1|0|25|1|0|25|1|0|25|1|0|25|1|0|25|
1|25|1|25|0|25|1|0|25|1|0|25|1|0|25|1|0|25|1|0|25|1|0|25|1|0|25|1|0|25|1|0|25|1|0|25|1|0|25|1|0|25|1|0|25|1|0|25|1|0|25|1|0|25|1|0|25|1|0|25|1|0|25|1|0|25|1|0|25|1|0|25|1|0|25|1|0|25|1|0|25|1|0|25|1|0|25|1|0|25|1|0|25|1|0|25|1|0|25|1|
48|47|48|47|48|0|25|1|0|25|1|0|25|1|0|25|1|0|25|1|0|25|1|0|25|1|0|25|1|0|25|1|0|25|1|0|25|1|0|25|1|0|25|1|0|25|1|0|25|1|0|25|1|0|25|1|0|25|1|0|25|1|0|25|1|0|25|1|0|25|1|0|25|1|0|25|1|0|25|1|0|25|1|0|25|1|0|25|1|0|25|1|0|25|1|0|25|1|0|25|
17|20|19|20|19|0|25|1|0|25|1|0|25|1|0|25|1|0|25|1|0|25|1|0|25|1|0|25|1|0|25|1|0|25|1|0|25|1|0|25|1|0|25|1|0|25|1|0|25|1|0|25|1|0|25|1|0|25|1|0|25|1|0|25|1|0|25|1|0|25|1|0|25|1|0|25|1|0|25|1|0|25|1|0|25|1|0|25|1|0|25|1|0|25|1|0|25|1|0|25|
11|12|13|14|15|16|0|25|1|0|25|1|0|25|1|0|25|1|0|25|1|0|25|1|0|25|1|0|25|1|0|25|1|0|25|1|0|25|1|0|25|1|0|25|1|0|25|1|0|25|1|0|25|1|0|25|1|0|25|1|0|25|1|0|25|1|0|25|1|0|25|1|0|25|1|0|25|1|0|25|1|0|25|1|0|25|1|0|25|1|0|25|1|0|25|1|0|25|1|0|
44|45|44|45|44|0|25|1|0|25|1|0|25|1|0|25|1|0|25|1|0|25|1|0|25|1|0|25|1|0|25|1|0|25|1|0|25|1|0|25|1|0|25|1|0|25|1|0|25|1|0|25|1|0|25|1|0|25|1|0|25|1|0|25|1|0|25|1|0|25|1|0|25|1|0|25|1|0|25|1|0|25|1|0|25|1|0|25|1|0|25|1|0|25|1|0|25|1|0|25|
20|19|20|19|0|25|1|0|25|1|0|25|1|0|25|1|0|25|1|0|25|1|0|25|1|0|25|1|0|25|1|0|25|1|0|25|1|0|25|1|0|25|1|0|25|1|0|25|1|0|25|1|0|25|1|0|25|1|0|25|1|0|25|1|0|25|1|0|25|1|0|25|1|0|25|1|0|25|1|0|25|1|0|25|1|0|25|1|0|25|1|0|25|1|0|25|1|0|25|1|
46|2|3|4|5|6|7|10|11|12|13|14|15|16|0|25|1|0|25|1|0|25|1|0|25|1|0|25|1|0|25|1|0|25|1|0|25|1|0|25|1|0|25|1|0|25|1|0|25|1|0|25|1|0|25|1|0|25|1|0|25|1|0|25|1|0|25|1|0|25|1|0|25|1|0|25|1|0|25|1|0|25|1|0|25|1|0|25|1|0|25|1|0|25|1|0|25|1|0|25|
6|7|10|11|12|13|14|15|16|0|25|1|0|25|1|0|25|1|0|25|1|0|25|1|0|25|1|0|25|1|0|25|1|0|25|1|0|25|1|0|25|1|0|25|1|0|25|1|0|25|1|0|25|1|0|25|1|0|25|1|0|25|1|0|25|1|0|25|1|0|25|1|0|25|1|0|25|1|0|25|1|0|25|1|0|25|1|0|25|1|0|25|1|0|25|1|0|25|1|0|
25|1|25|1|0|25|1|0|25|1|0|25|1|0|25|1|0|25|1|0|25|1|0|25|1|0|25|1|0|25|1|0|25|1|0|25|1|0|25|1|0|25|1|0|25|1|0|25|1|0|25|1|0|25|1|0|25|1|0|25|1|0|25|1|0|25|1|0|25|1|0|25|1|0|25|1|0|25|1|0|25|1|0|25|1|0|25|1|0|25|1|0|25|1|0|25|1|0|25|1|
3|4|5|6|7|10|11|12|13|14|15|16|0|25|1|0|25|1|0|25|1|0|25|1|0|25|1|0|25|1|0|25|1|0|25|1|0|25|1|0|25|1|0|25|1|0|25|1|0|25|1|0|25|1|0|25|1|0|25|1|0|25|1|0|25|1|0|25|1|0|25|1|0|25|1|0|25|1|0|25|1|0|25|1|0|25|1|0|25|1|0|25|1|0|25|1|0|25|1|0|
19|20|19|20|19|0|25|1|0|25|1|0|25|1|0|25|1|0|25|1|0|25|1|0|25|1|0|25|1|0|25|1|0|25|1|0|25|1|0|25|1|0|25|1|0|25|1|0|25|1|0|25|1|0|25|1|0|25|1|0|25|1|0|25|1|0|25|1|0|25|1|0|25|1|0|25|1|0|25|1|0|25|1|0|25|1|0|25|1|0|25|1|0|25|1|0|25|1|0|25|
8|7|10|11|12|13|14|15|16|0|25|1|0|25|1|0|25|1|0|25|1|0|25|1|0|25|1|0|25|1|0|25|1|0|25|1|0|25|1|0|25|1|0|25|1|0|25|1|0|25|1|0|25|1|0|25|1|0|25|1|0|25|1|0|25|1|0|25|1|0|25|1|0|25|1|0|25|1|0|25|1|0|25|1|0|25|1|0|25|1|0|25|1|0|25|1|0|25|1|0|
48|47|48|47|48|0|25|1|0|25|1|0|25|1|0|25|1|0|25|1|0|25|1|0|25|1|0|25|1|0|25|1|0|25|1|0|25|1|0|25|1|0|25|1|0|25|1|0|25|1|0|25|1|0|25|1|0|25|1|0|25|1|0|25|1|0|25|1|0|25|1|0|25|1|0|25|1|0|25|1|0|25|1|0|25|1|0|25|1|0|25|1|0|25|1|0|25|1|0|25|
43|42|43|42|43|0|25|1|0|25|1|0|25|1|0|25|1|0|25|1|0|25|1|0|25|1|0|25|1|0|25|1|0|25|1|0|25|1|0|25|1|0|25|1|0|25|1|0|25|1|0|25|1|0|25|1|0|25|1|0|25|1|0|25|1|0|25|1|0|25|1|0|25|1|0|25|1|0|25|1|0|25|1|0|25|1|0|25|1|0|25|1|0|25|1|0|25|1|0|25|
19|20|19|20|19|0|25|1|0|25|1|0|25|1|0|25|1|0|25|1|0|25|1|0|25|1|0|25|1|0|25|1|0|25|1|0|25|1|0|25|1|0|25|1|0|25|1|0|25|1|0|25|1|0|25|1|0|25|1|0|25|1|0|25|1|0|25|1|0|25|1|0|25|1|0|25|1|0|25|1|0|25|1|0|25|1|0|25|1|0|25|1|0|25|1|0|25|1|0|25|
0|25|1|25|0|25|1|0|25|1|0|25|1|0|25|1|0|25|1|0|25|1|0|25|1|0|25|1|0|25|1|0|25|1|0|25|1|0|25|1|0|25|1|0|25|1|0|25|1|0|25|1|0|25|1|0|25|1|0|25|1|0|25|1|0|25|1|0|25|1|0|25|1|0|25|1|0|25|1|0|25|1|0|25|1|0|25|1|0|25|1|0|25|1|0|25|1|0|25|1|
46|2|3|4|5|6|7|10|11|12|13|14|15|16|0|25|1|0|25|1|0|25|1|0|25|1|0|25|1|0|25|1|0|25|1|0|25|1|0|25|1|0|25|1|0|25|1|0|25|1|0|25|1|0|25|1|0|25|1|0|25|1|0|25|1|0|25|1|0|25|1|0|25|1|0|25|1|0|25|1|0|25|1|0|25|1|0|25|1|0|25|1|0|25|1|0|25|1|0|25|
23|21|23|21|23|0|25|1|0|25|1|0|25|1|0|25|1|0|25|1|0|25|1|0|25|1|0|25|1|0|25|1|0|25|1|0|25|1|0|25|1|0|25|1|0|25|1|0|25|1|0|25|1|0|25|1|0|25|1|0|25|1|0|25|1|0|25|1|0|25|1|0|25|1|0|25|1|0|25|1|0|25|1|0|25|1|0|25|1|0|25|1|0|25|1|0|25|1|0|25|
10|11|12|13|14|15|16|0|25|1|0|25|1|0|25|1|0|25|1|0|25|1|0|25|1|0|25|1|0|25|1|0|25|1|0|25|1|0|25|1|0|25|1|0|25|1|0|25|1|0|25|1|0|25|1|0|25|1|0|25|1|0|25|1|0|25|1|0|25|1|0|25|1|0|25|1|0|25|1|0|25|1|0|25|1|0|25|1|0|25|1|0|25|1|0|25|1|0|25|1|
35|36|39|48|47|48|0|25|1|0|25|1|0|25|1|0|25|1|0|25|1|0|25|1|0|25|1|0|25|1|0|25|1|0|25|1|0|25|1|0|25|1|0|25|1|0|25|1|0|25|1|0|25|1|0|25|1|0|25|1|0|25|1|0|25|1|0|25|1|0|25|1|0|25|1|0|25|1|0|25|1|0|25|1|0|25|1|0|25|1|0|25|1|0|25|1|0|25|1|0|
52|53|52|53|0|25|1|0|25|1|0|25|1|0|25|1|0|25|1|0|25|1|0|25|1|0|25|1|0|25|1|0|25|1|0|25|1|0|25|1|0|25|1|0|25|1|0|25|1|0|25|1|0|25|1|0|25|1|0|25|1|0|25|1|0|25|1|0|25|1|0|25|1|0|25|1|0|25|1|0|25|1|0|25|1|0|25|1|0|25|1|0|25|1|0|25|1|0|25|1|
31|36|39|48|47|48|0|25|1|0|25|1|0|25|1|0|25|1|0|25|1|0|25|1|0|25|1|0|25|1|0|25|1|0|25|1|0|25|1|0|25|1|0|25|1|0|25|1|0|25|1|0|25|1|0|25|1|0|25|1|0|25|1|0|25|1|0|25|1|0|25|1|0|25|1|0|25|1|0|25|1|0|25|1|0|25|1|0|25|1|0|25|1|0|25|1|0|25|1|0|
34|35|36|39|48|47|48|0|25|1|0|25|1|0|25|1|0|25|1|0|25|1|0|25|1|0|25|1|0|25|1|0|25|1|0|25|1|0|25|1|0|25|1|0|25|1|0|25|1|0|25|1|0|25|1|0|25|1|0|25|1|0|25|1|0|25|1|0|25|1|0|25|1|0|25|1|0|25|1|0|25|1|0|25|1|0|25|1|0|25|1|0|25|1|0|25|1|0|25|1|
8|7|10|11|12|13|14|15|16|0|25|1|0|25|1|0|25|1|0|25|1|0|25|1|0|25|1|0|25|1|0|25|1|0|25|1|0|25|1|0|25|1|0|25|1|0|25|1|0|25|1|0|25|1|0|25|1|0|25|1|0|25|1|0|25|1|0|25|1|0|25|1|0|25|1|0|25|1|0|25|1|0|25|1|0|25|1|0|25|1|0|25|1|0|25|1|0|25|1|0|
14|15|16|15|16|0|25|1|0|25|1|0|25|1|0|25|1|0|25|1|0|25|1|0|25|1|0|25|1|0|25|1|0|25|1|0|25|1|0|25|1|0|25|1|0|25|1|0|25|1|0|25|1|0|25|1|0|25|1|0|25|1|0|25|1|0|25|1|0|25|1|0|25|1|0|25|1|0|25|1|0|25|1|0|25|1|0|25|1|0|25|1|0|25|1|0|25|1|0|25|
51|50|51|50|51|0|25|1|0|25|1|0|25|1|0|25|1|0|25|1|0|25|1|0|25|1|0|25|1|0|25|1|0|25|1|0|25|1|0|25|1|0|25|1|0|25|1|0|25|1|0|25|1|0|25|1|0|25|1|0|25|1|0|25|1|0|25|1|0|25|1|0|25|1|0|25|1|0|25|1|0|25|1|0|25|1|0|25|1|0|25|1|0|25|1|0|25|1|0|25|
25|1|25|1|0|25|1|0|25|1|0|25|1|0|25|1|0|25|1|0|25|1|0|25|1|0|25|1|0|25|1|0|25|1|0|25|1|0|25|1|0|25|1|0|25|1|0|25|1|0|25|1|0|25|1|0|25|1|0|25|1|0|25|1|0|25|1|0|25|1|0|25|1|0|25|1|0|25|1|0|25|1|0|25|1|0|25|1|0|25|1|0|25|1|0|25|1|0|25|1|
14|15|16|15|16|0|25|1|0|25|1|0|25|1|0|25|1|0|25|1|0|25|1|0|25|1|0|25|1|0|25|1|0|25|1|0|25|1|0|25|1|0|25|1|0|25|1|0|25|1|0|25|1|0|25|1|0|25|1|0|25|1|0|25|1|0|25|1|0|25|1|0|25|1|0|25|1|0|25|1|0|25|1|0|25|1|0|25|1|0|25|1|0|25|1|0|25|1|0|25|
11|12|13|14|15|16|0|25|1|0|25|1|0|25|1|0|25|1|0|25|1|0|25|1|0|25|1|0|25|1|0|25|1|0|25|1|0|25|1|0|25|1|0|25|1|0|25|1|0|25|1|0|25|1|0|25|1|0|25|1|0|25|1|0|25|1|0|25|1|0|25|1|0|25|1|0|25|1|0|25|1|0|25|1|0|25|1|0|25|1|0|25|1|0|25|1|0|25|1|0|
22|2|3|4|5|6|7|10|11|12|13|14|15|16|0|25|1|0|25|1|0|25|1|0|25|1|0|25|1|0|25|1|0|25|1|0|25|1|0|25|1|0|25|1|0|25|1|0|25|1|0|25|1|0|25|1|0|25|1|0|25|1|0|25|1|0|25|1|0|25|1|0|25|1|0|25|1|0|25|1|0|25|1|0|25|1|0|25|1|0|25|1|0|25|1|0|25|1|0|25|
10|11|12|13|14|15|16|0|25|1|0|25|1|0|25|1|0|25|1|0|25|1|0|25|1|0|25|1|0|25|1|0|25|1|0|25|1|0|25|1|0|25|1|0|25|1|0|25|1|0|25|1|0|25|1|0|25|1|0|25|1|0|25|1|0|25|1|0|25|1|0|25|1|0|25|1|0|25|1|0|25|1|0|25|1|0|25|1|0|25|1|0|25|1|0|25|1|0|25|1|
50|51|50|51|0|25|1|0|25|1|0|25|1|0|25|1|0|25|1|0|25|1|0|25|1|0|25|1|0|25|1|0|25|1|0|25|1|0|25|1|0|25|1|0|25|1|0|25|1|0|25|1|0|25|1|0|25|1|0|25|1|0|25|1|0|25|1|0|25|1|0|25|1|0|25|1|0|25|1|0|25|1|0|25|1|0|25|1|0|25|1|0|25|1|0|25|1|0|25|1|
50|51|50|51|0|25|1|0|25|1|0|25|1|0|25|1|0|25|1|0|25|1|0|25|1|0|25|1|0|25|1|0|25|1|0|25|1|0|25|1|0|25|1|0|25|1|0|25|1|0|25|1|0|25|1|0|25|1|0|25|1|0|25|1|0|25|1|0|25|1|0|25|1|0|25|1|0|25|1|0|25|1|0|25|1|0|25|1|0|25|1|0|25|1|0|25|1|0|25|1|
55|56|55|56|55|0|25|1|0|25|1|0|25|1|0|25|1|0|25|1|0|25|1|0|25|1|0|25|1|0|25|1|0|25|1|0|25|1|0|25|1|0|25|1|0|25|1|0|25|1|0|25|1|0|25|1|0|25|1|0|25|1|0|25|1|0|25|1|0|25|1|0|25|1|0|25|1|0|25|1|0|25|1|0|25|1|0|25|1|0|25|1|0|25|1|0|25|1|0|25|
47|48|47|48|0|25|1|0|25|1|0|25|1|0|25|1|0|25|1|0|25|1|0|25|1|0|25|1|0|25|1|0|25|1|0|25|1|0|25|1|0|25|1|0|25|1|0|25|1|0|25|1|0|25|1|0|25|1|0|25|1|0|25|1|0|25|1|0|25|1|0|25|1|0|25|1|0|25|1|0|25|1|0|25|1|0|25|1|0|25|1|0|25|1|0|25|1|0|25|1|
44|45|44|45|44|0|25|1|0|25|1|0|25|1|0|25|1|0|25|1|0|25|1|0|25|1|0|25|1|0|25|1|0|25|1|0|25|1|0|25|1|0|25|1|0|25|1|0|25|1|0|25|1|0|25|1|0|25|1|0|25|1|0|25|1|0|25|1|0|25|1|0|25|1|0|25|1|0|25|1|0|25|1|0|25|1|0|25|1|0|25|1|0|25|1|0|25|1|0|25|
20|19|20|19|0|25|1|0|25|1|0|25|1|0|25|1|0|25|1|0|25|1|0|25|1|0|25|1|0|25|1|0|25|1|0|25|1|0|25|1|0|25|1|0|25|1|0|25|1|0|25|1|0|25|1|0|25|1|0|25|1|0|25|1|0|25|1|0|25|1|0|25|1|0|25|1|0|25|1|0|25|1|0|25|1|0|25|1|0|25|1|0|25|1|0|25|1|0|25|1|
22|2|3|4|5|6|7|10|11|12|13|14|15|16|0|25|1|0|25|1|0|25|1|0|25|1|0|25|1|0|25|1|0|25|1|0|25|1|0|25|1|0|25|1|0|25|1|0|25|1|0|25|1|0|25|1|0|25|1|0|25|1|0|25|1|0|25|1|0|25|1|0|25|1|0|25|1|0|25|1|0|25|1|0|25|1|0|25|1|0|25|1|0|25|1|0|25|1|0|25|
21|23|21|23|0|25|1|0|25|1|0|25|1|0|25|1|0|25|1|0|25|1|0|25|1|0|25|1|0|25|1|0|25|1|0|25|1|0|25|1|0|25|1|0|25|1|0|25|1|0|25|1|0|25|1|0|25|1|0|25|1|0|25|1|0|25|1|0|25|1|0|25|1|0|25|1|0|25|1|0|25|1|0|25|1|0|25|1|0|25|1|0|25|1|0|25|1|0|25|1|
24|2|3|4|5|6|7|10|11|12|13|14|15|16|0|25|1|0|25|1|0|25|1|0|25|1|0|25|1|0|25|1|0|25|1|0|25|1|0|25|1|0|25|1|0|25|1|0|25|1|0|25|1|0|25|1|0|25|1|0|25|1|0|25|1|0|25|1|0|25|1|0|25|1|0|25|1|0|25|1|0|25|1|0|25|1|0|25|1|0|25|1|0|25|1|0|25|1|0|25|
41|40|41|40|0|25|1|0|25|1|0|25|1|0|25|1|0|25|1|0|25|1|0|25|1|0|25|1|0|25|1|0|25|1|0|25|1|0|25|1|0|25|1|0|25|1|0|25|1|0|25|1|0|25|1|0|25|1|0|25|1|0|25|1|0|25|1|0|25|1|0|25|1|0|25|1|0|25|1|0|25|1|0|25|1|0|25|1|0|25|1|0|25|1|0|25|1|0|25|1|
16|15|16|15|16|0|25|1|0|25|1|0|25|1|0|25|1|0|25|1|0|25|1|0|25|1|0|25|1|0|25|1|0|25|1|0|25|1|0|25|1|0|25|1|0|25|1|0|25|1|0|25|1|0|25|1|0|25|1|0|25|1|0|25|1|0|25|1|0|25|1|0|25|1|0|25|1|0|25|1|0|25|1|0|25|1|0|25|1|0|25|1|0|25|1|0|25|1|0|25|
9|10|11|12|13|14|15|16|0|25|1|0|25|1|0|25|1|0|25|1|0|25|1|0|25|1|0|25|1|0|25|1|0|25|1|0|25|1|0|25|1|0|25|1|0|25|1|0|25|1|0|25|1|0|25|1|0|25|1|0|25|1|0|25|1|0|25|1|0|25|1|0|25|1|0|25|1|0|25|1|0|25|1|0|25|1|0|25|1|0|25|1|0|25|1|0|25|1|0|25|
8|7|10|11|12|13|14|15|16|0|25|1|0|25|1|0|25|1|0|25|1|0|25|1|0|25|1|0|25|1|0|25|1|0|25|1|0|25|1|0|25|1|0|25|1|0|25|1|0|25|1|0|25|1|0|25|1|0|25|1|0|25|1|0|25|1|0|25|1|0|25|1|0|25|1|0|25|1|0|25|1|0|25|1|0|25|1|0|25|1|0|25|1|0|25|1|0|25|1|0|
33|32|33|32|33|0|25|1|0|25|1|0|25|1|0|25|1|0|25|1|0|25|1|0|25|1|0|25|1|0|25|1|0|25|1|0|25|1|0|25|1|0|25|1|0|25|1|0|25|1|0|25|1|0|25|1|0|25|1|0|25|1|0|25|1|0|25|1|0|25|1|0|25|1|0|25|1|0|25|1|0|25|1|0|25|1|0|25|1|0|25|1|0|25|1|0|25|1|0|25|
28|29|31|36|39|48|47|48|0|25|1|0|25|1|0|25|1|0|25|1|0|25|1|0|25|1|0|25|1|0|25|1|0|25|1|0|25|1|0|25|1|0|25|1|0|25|1|0|25|1|0|25|1|0|25|1|0|25|1|0|25|1|0|25|1|0|25|1|0|25|1|0|25|1|0|25|1|0|25|1|0|25|1|0|25|1|0|25|1|0|25|1|0|25|1|0|25|1|0|25|
32|33|32|33|0|25|1|0|25|1|0|25|1|0|25|1|0|25|1|0|25|1|0|25|1|0|25|1|0|25|1|0|25|1|0|25|1|0|25|1|0|25|1|0|25|1|0|25|1|0|25|1|0|25|1|0|25|1|0|25|1|0|25|1|0|25|1|0|25|1|0|25|1|0|25|1|0|25|1|0|25|1|0|25|1|0|25|1|0|25|1|0|25|1|0|25|1|0|25|1|
24|2|3|4|5|6|7|10|11|12|13|14|15|16|0|25|1|0|25|1|0|25|1|0|25|1|0|25|1|0|25|1|0|25|1|0|25|1|0|25|1|0|25|1|0|25|1|0|25|1|0|25|1|0|25|1|0|25|1|0|25|1|0|25|1|0|25|1|0|25|1|0|25|1|0|25|1|0|25|1|0|25|1|0|25|1|0|25|1|0|25|1|0|25|1|0|25|1|0|25|
18|2|3|4|5|6|7|10|11|12|13|14|15|16|0|25|1|0|25|1|0|25|1|0|25|1|0|25|1|0|25|1|0|25|1|0|25|1|0|25|1|0|25|1|0|25|1|0|25|1|0|25|1|0|25|1|0|25|1|0|25|1|0|25|1|0|25|1|0|25|1|0|25|1|0|25|1|0|25|1|0|25|1|0|25|1|0|25|1|0|25|1|0|25|1|0|25|1|0|25|
25|1|25|1|0|25|1|0|25|1|0|25|1|0|25|1|0|25|1|0|25|1|0|25|1|0|25|1|0|25|1|0|25|1|0|25|1|0|25|1|0|25|1|0|25|1|0|25|1|0|25|1|0|25|1|0|25|1|0|25|1|0|25|1|0|25|1|0|25|1|0|25|1|0|25|1|0|25|1|0|25|1|0|25|1|0|25|1|0|25|1|0|25|1|0|25|1|0|25|1|
31|36|39|48|47|48|0|25|1|0|25|1|0|25|1|0|25|1|0|25|1|0|25|1|0|25|1|0|25|1|0|25|1|0|25|1|0|25|1|0|25|1|0|25|1|0|25|1|0|25|1|0|25|1|0|25|1|0|25|1|0|25|1|0|25|1|0|25|1|0|25|1|0|25|1|0|25|1|0|25|1|0|25|1|0|25|1|0|25|1|0|25|1|0|25|1|0|25|1|0|
1|25|1|25|0|25|1|0|25|1|0|25|1|0|25|1|0|25|1|0|25|1|0|25|1|0|25|1|0|25|1|0|25|1|0|25|1|0|25|1|0|25|1|0|25|1|0|25|1|0|25|1|0|25|1|0|25|1|0|25|1|0|25|1|0|25|1|0|25|1|0|25|1|0|25|1|0|25|1|0|25|1|0|25|1|0|25|1|0|25|1|0|25|1|0|25|1|0|25|1|
41|40|41|40|0|25|1|0|25|1|0|25|1|0|25|1|0|25|1|0|25|1|0|25|1|0|25|1|0|25|1|0|25|1|0|25|1|0|25|1|0|25|1|0|25|1|0|25|1|0|25|1|0|25|1|0|25|1|0|25|1|0|25|1|0|25|1|0|25|1|0|25|1|0|25|1|0|25|1|0|25|1|0|25|1|0|25|1|0|25|1|0|25|1|0|25|1|0|25|1|
48|47|48|47|48|0|25|1|0|25|1|0|25|1|0|25|1|0|25|1|0|25|1|0|25|1|0|25|1|0|25|1|0|25|1|0|25|1|0|25|1|0|25|1|0|25|1|0|25|1|0|25|1|0|25|1|0|25|1|0|25|1|0|25|1|0|25|1|0|25|1|0|25|1|0|25|1|0|25|1|0|25|1|0|25|1|0|25|1|0|25|1|0|25|1|0|25|1|0|25|
20|19|20|19|0|25|1|0|25|1|0|25|1|0|25|1|0|25|1|0|25|1|0|25|1|0|25|1|0|25|1|0|25|1|0|25|1|0|25|1|0|25|1|0|25|1|0|25|1|0|25|1|0|25|1|0|25|1|0|25|1|0|25|1|0|25|1|0|25|1|0|25|1|0|25|1|0|25|1|0|25|1|0|25|1|0|25|1|0|25|1|0|25|1|0|25|1|0|25|1|
29|31|36|39|48|47|48|0|25|1|0|25|1|0|25|1|0|25|1|0|25|1|0|25|1|0|25|1|0|25|1|0|25|1|0|25|1|0|25|1|0|25|1|0|25|1|0|25|1|0|25|1|0|25|1|0|25|1|0|25|1|0|25|1|0|25|1|0|25|1|0|25|1|0|25|1|0|25|1|0|25|1|0|25|1|0|25|1|0|25|1|0|25|1|0|25|1|0|25|1|
14|15|16|15|16|0|25|1|0|25|1|0|25|1|0|25|1|0|25|1|0|25|1|0|25|1|0|25|1|0|25|1|0|25|1|0|25|1|0|25|1|0|25|1|0|25|1|0|25|1|0|25|1|0|25|1|0|25|1|0|25|1|0|25|1|0|25|1|0|25|1|0|25|1|0|25|1|0|25|1|0|25|1|0|25|1|0|25|1|0|25|1|0|25|1|0|25|1|0|25|
9|10|11|12|13|14|15|16|0|25|1|0|25|1|0|25|1|0|25|1|0|25|1|0|25|1|0|25|1|0|25|1|0|25|1|0|25|1|0|25|1|0|25|1|0|25|1|0|25|1|0|25|1|0|25|1|0|25|1|0|25|1|0|25|1|0|25|1|0|25|1|0|25|1|0|25|1|0|25|1|0|25|1|0|25|1|0|25|1|0|25|1|0|25|1|0|25|1|0|25|
55|56|55|56|55|0|25|1|0|25|1|0|25|1|0|25|1|0|25|1|0|25|1|0|25|1|0|25|1|0|25|1|0|25|1|0|25|1|0|25|1|0|25|1|0|25|1|0|25|1|0|25|1|0|25|1|0|25|1|0|25|1|0|25|1|0|25|1|0|25|1|0|25|1|0|25|1|0|25|1|0|25|1|0|25|1|0|25|1|0|25|1|0|25|1|0|25|1|0|25|
52|53|52|53|0|25|1|0|25|1|0|25|1|0|25|1|0|25|1|0|25|1|0|25|1|0|25|1|0|25|1|0|25|1|0|25|1|0|25|1|0|25|1|0|25|1|0|25|1|0|25|1|0|25|1|0|25|1|0|25|1|0|25|1|0|25|1|0|25|1|0|25|1|0|25|1|0|25|1|0|25|1|0|25|1|0|25|1|0|25|1|0|25|1|0|25|1|0|25|1|
53|52|53|52|0|25|1|0|25|1|0|25|1|0|25|1|0|25|1|0|25|1|0|25|1|0|25|1|0|25|1|0|25|1|0|25|1|0|25|1|0|25|1|0|25|1|0|25|1|0|25|1|0|25|1|0|25|1|0|25|1|0|25|1|0|25|1|0|25|1|0|25|1|0|25|1|0|25|1|0|25|1|0|25|1|0|25|1|0|25|1|0|25|1|0|25|1|0|25|1|
31|36|39|48|47|48|0|25|1|0|25|1|0|25|1|0|25|1|0|25|1|0|25|1|0|25|1|0|25|1|0|25|1|0|25|1|0|25|1|0|25|1|0|25|1|0|25|1|0|25|1|0|25|1|0|25|1|0|25|1|0|25|1|0|25|1|0|25|1|0|25|1|0|25|1|0|25|1|0|25|1|0|25|1|0|25|1|0|25|1|0|25|1|0|25|1|0|25|1|0|
54|55|56|55|0|25|1|0|25|1|0|25|1|0|25|1|0|25|1|0|25|1|0|25|1|0|25|1|0|25|1|0|25|1|0|25|1|0|25|1|0|25|1|0|25|1|0|25|1|0|25|1|0|25|1|0|25|1|0|25|1|0|25|1|0|25|1|0|25|1|0|25|1|0|25|1|0|25|1|0|25|1|0|25|1|0|25|1|0|25|1|0|25|1|0|25|1|0|25|1|
2|3|4|5|6|7|10|11|12|13|14|15|16|0|25|1|0|25|1|0|25|1|0|25|1|0|25|1|0|25|1|0|25|1|0|25|1|0|25|1|0|25|1|0|25|1|0|25|1|0|25|1|0|25|1|0|25|1|0|25|1|0|25|1|0|25|1|0|25|1|0|25|1|0|25|1|0|25|1|0|25|1|0|25|1|0|25|1|0|25|1|0|25|1|0|25|1|0|25|1|
51|50|56|57|58|59|0|25|1|0|25|1|0|25|1|0|25|1|0|25|1|0|25|1|0|25|1|0|25|1|0|25|1|0|25|1|0|25|1|0|25|1|0|25|1|0|25|1|0|25|1|0|25|1|0|25|1|0|25|1|0|25|1|0|25|1|0|25|1|0|25|1|0|25|1|0|25|1|0|25|1|0|25|1|0|25|1|0|25|1|0|25|1|0|25|1|0|25|1|0|
28|29|40|41|42|45|47|52|53|0|25|1|0|25|1|0|25|1|0|25|1|0|25|1|0|25|1|0|25|1|0|25|1|0|25|1|0|25|1|0|25|1|0|25|1|0|25|1|0|25|1|0|25|1|0|25|1|0|25|1|0|25|1|0|25|1|0|25|1|0|25|1|0|25|1|0|25|1|0|25|1|0|25|1|0|25|1|0|25|1|0|25|1|0|25|1|0|25|1|0|
16|15|17|30|29|40|41|42|45|47|52|53|0|25|1|0|25|1|0|25|1|0|25|1|0|25|1|0|25|1|0|25|1|0|25|1|0|25|1|0|25|1|0|25|1|0|25|1|0|25|1|0|25|1|0|25|1|0|25|1|0|25|1|0|25|1|0|25|1|0|25|1|0|25|1|0|25|1|0|25|1|0|25|1|0|25|1|0|25|1|0|25|1|0|25|1|0|25|1|0|
51|50|56|57|58|59|0|25|1|0|25|1|0|25|1|0|25|1|0|25|1|0|25|1|0|25|1|0|25|1|0|25|1|0|25|1|0|25|1|0|25|1|0|25|1|0|25|1|0|25|1|0|25|1|0|25|1|0|25|1|0|25|1|0|25|1|0|25|1|0|25|1|0|25|1|0|25|1|0|25|1|0|25|1|0|25|1|0|25|1|0|25|1|0|25|1|0|25|1|0|
54|59|58|59|0|25|1|0|25|1|0|25|1|0|25|1|0|25|1|0|25|1|0|25|1|0|25|1|0|25|1|0|25|1|0|25|1|0|25|1|0|25|1|0|25|1|0|25|1|0|25|1|0|25|1|0|25|1|0|25|1|0|25|1|0|25|1|0|25|1|0|25|1|0|25|1|0|25|1|0|25|1|0|25|1|0|25|1|0|25|1|0|25|1|0|25|1|0|25|1|
33|32|34|37|50|56|57|58|59|0|25|1|0|25|1|0|25|1|0|25|1|0|25|1|0|25|1|0|25|1|0|25|1|0|25|1|0|25|1|0|25|1|0|25|1|0|25|1|0|25|1|0|25|1|0|25|1|0|25|1|0|25|1|0|25|1|0|25|1|0|25|1|0|25|1|0|25|1|0|25|1|0|25|1|0|25|1|0|25|1|0|25|1|0|25|1|0|25|1|0|
39|49|54|59|58|0|25|1|0|25|1|0|25|1|0|25|1|0|25|1|0|25|1|0|25|1|0|25|1|0|25|1|0|25|1|0|25|1|0|25|1|0|25|1|0|25|1|0|25|1|0|25|1|0|25|1|0|25|1|0|25|1|0|25|1|0|25|1|0|25|1|0|25|1|0|25|1|0|25|1|0|25|1|0|25|1|0|25|1|0|25|1|0|25|1|0|25|1|0|25|
24|2|3|4|5|23|21|41|42|45|47|52|53|0|25|1|0|25|1|0|25|1|0|25|1|0|25|1|0|25|1|0|25|1|0|25|1|0|25|1|0|25|1|0|25|1|0|25|1|0|25|1|0|25|1|0|25|1|0|25|1|0|25|1|0|25|1|0|25|1|0|25|1|0|25|1|0|25|1|0|25|1|0|25|1|0|25|1|0|25|1|0|25|1|0|25|1|0|25|1|
1|25|1|25|0|25|1|0|25|1|0|25|1|0|25|1|0|25|1|0|25|1|0|25|1|0|25|1|0|25|1|0|25|1|0|25|1|0|25|1|0|25|1|0|25|1|0|25|1|0|25|1|0|25|1|0|25|1|0|25|1|0|25|1|0|25|1|0|25|1|0|25|1|0|25|1|0|25|1|0|25|1|0|25|1|0|25|1|0|25|1|0|25|1|0|25|1|0|25|1|
45|47|52|53|0|25|1|0|25|1|0|25|1|0|25|1|0|25|1|0|25|1|0|25|1|0|25|1|0|25|1|0|25|1|0|25|1|0|25|1|0|25|1|0|25|1|0|25|1|0|25|1|0|25|1|0|25|1|0|25|1|0|25|1|0|25|1|0|25|1|0|25|1|0|25|1|0|25|1|0|25|1|0|25|1|0|25|1|0|25|1|0|25|1|0|25|1|0|25|1|
53|52|53|52|0|25|1|0|25|1|0|25|1|0|25|1|0|25|1|0|25|1|0|25|1|0|25|1|0|25|1|0|25|1|0|25|1|0|25|1|0|25|1|0|25|1|0|25|1|0|25|1|0|25|1|0|25|1|0|25|1|0|25|1|0|25|1|0|25|1|0|25|1|0|25|1|0|25|1|0|25|1|0|25|1|0|25|1|0|25|1|0|25|1|0|25|1|0|25|1|
35|36|44|45|47|52|53|0|25|1|0|25|1|0|25|1|0|25|1|0|25|1|0|25|1|0|25|1|0|25|1|0|25|1|0|25|1|0|25|1|0|25|1|0|25|1|0|25|1|0|25|1|0|25|1|0|25|1|0|25|1|0|25|1|0|25|1|0|25|1|0|25|1|0|25|1|0|25|1|0|25|1|0|25|1|0|25|1|0|25|1|0|25|1|0|25|1|0|25|1|
21|41|42|45|47|52|53|0|25|1|0|25|1|0|25|1|0|25|1|0|25|1|0|25|1|0|25|1|0|25|1|0|25|1|0|25|1|0|25|1|0|25|1|0|25|1|0|25|1|0|25|1|0|25|1|0|25|1|0|25|1|0|25|1|0|25|1|0|25|1|0|25|1|0|25|1|0|25|1|0|25|1|0|25|1|0|25|1|0|25|1|0|25|1|0|25|1|0|25|1|
26|27|32|34|37|50|56|57|58|59|0|25|1|0|25|1|0|25|1|0|25|1|0|25|1|0|25|1|0|25|1|0|25|1|0|25|1|0|25|1|0|25|1|0|25|1|0|25|1|0|25|1|0|25|1|0|25|1|0|25|1|0|25|1|0|25|1|0|25|1|0|25|1|0|25|1|0|25|1|0|25|1|0|25|1|0|25|1|0|25|1|0|25|1|0|25|1|0|25|1|
33|32|34|37|50|56|57|58|59|0|25|1|0|25|1|0|25|1|0|25|1|0|25|1|0|25|1|0|25|1|0|25|1|0|25|1|0|25|1|0|25|1|0|25|1|0|25|1|0|25|1|0|25|1|0|25|1|0|25|1|0|25|1|0|25|1|0|25|1|0|25|1|0|25|1|0|25|1|0|25|1|0|25|1|0|25|1|0|25|1|0|25|1|0|25|1|0|25|1|0|
45|47|52|53|0|25|1|0|25|1|0|25|1|0|25|1|0|25|1|0|25|1|0|25|1|0|25|1|0|25|1|0|25|1|0|25|1|0|25|1|0|25|1|0|25|1|0|25|1|0|25|1|0|25|1|0|25|1|0|25|1|0|25|1|0|25|1|0|25|1|0|25|1|0|25|1|0|25|1|0|25|1|0|25|1|0|25|1|0|25|1|0|25|1|0|25|1|0|25|1|
18|2|3|4|5|23|21|41|42|45|47|52|53|0|25|1|0|25|1|0|25|1|0|25|1|0|25|1|0|25|1|0|25|1|0|25|1|0|25|1|0|25|1|0|25|1|0|25|1|0|25|1|0|25|1|0|25|1|0|25|1|0|25|1|0|25|1|0|25|1|0|25|1|0|25|1|0|25|1|0|25|1|0|25|1|0|25|1|0|25|1|0|25|1|0|25|1|0|25|1|
0|25|1|25|0|25|1|0|25|1|0|25|1|0|25|1|0|25|1|0|25|1|0|25|1|0|25|1|0|25|1|0|25|1|0|25|1|0|25|1|0|25|1|0|25|1|0|25|1|0|25|1|0|25|1|0|25|1|0|25|1|0|25|1|0|25|1|0|25|1|0|25|1|0|25|1|0|25|1|0|25|1|0|25|1|0|25|1|0|25|1|0|25|1|0|25|1|0|25|1|
54|59|58|59|0|25|1|0|25|1|0|25|1|0|25|1|0|25|1|0|25|1|0|25|1|0|25|1|0|25|1|0|25|1|0|25|1|0|25|1|0|25|1|0|25|1|0|25|1|0|25|1|0|25|1|0|25|1|0|25|1|0|25|1|0|25|1|0|25|1|0|25|1|0|25|1|0|25|1|0|25|1|0|25|1|0|25|1|0|25|1|0|25|1|0|25|1|0|25|1|
44|45|47|52|53|0|25|1|0|25|1|0|25|1|0|25|1|0|25|1|0|25|1|0|25|1|0|25|1|0|25|1|0|25|1|0|25|1|0|25|1|0|25|1|0|25|1|0|25|1|0|25|1|0|25|1|0|25|1|0|25|1|0|25|1|0|25|1|0|25|1|0|25|1|0|25|1|0|25|1|0|25|1|0|25|1|0|25|1|0|25|1|0|25|1|0|25|1|0|25|
49|54|59|58|0|25|1|0|25|1|0|25|1|0|25|1|0|25|1|0|25|1|0|25|1|0|25|1|0|25|1|0|25|1|0|25|1|0|25|1|0|25|1|0|25|1|0|25|1|0|25|1|0|25|1|0|25|1|0|25|1|0|25|1|0|25|1|0|25|1|0|25|1|0|25|1|0|25|1|0|25|1|0|25|1|0|25|1|0|25|1|0|25|1|0|25|1|0|25|1|
9|10|17|30|29|40|41|42|45|47|52|53|0|25|1|0|25|1|0|25|1|0|25|1|0|25|1|0|25|1|0|25|1|0|25|1|0|25|1|0|25|1|0|25|1|0|25|1|0|25|1|0|25|1|0|25|1|0|25|1|0|25|1|0|25|1|0|25|1|0|25|1|0|25|1|0|25|1|0|25|1|0|25|1|0|25|1|0|25|1|0|25|1|0|25|1|0|25|1|0|
8|7|19|20|21|41|42|45|47|52|53|0|25|1|0|25|1|0|25|1|0|25|1|0|25|1|0|25|1|0|25|1|0|25|1|0|25|1|0|25|1|0|25|1|0|25|1|0|25|1|0|25|1|0|25|1|0|25|1|0|25|1|0|25|1|0|25|1|0|25|1|0|25|1|0|25|1|0|25|1|0|25|1|0|25|1|0|25|1|0|25|1|0|25|1|0|25|1|0|25|
2|3|4|5|23|21|41|42|45|47|52|53|0|25|1|0|25|1|0|25|1|0|25|1|0|25|1|0|25|1|0|25|1|0|25|1|0|25|1|0|25|1|0|25|1|0|25|1|0|25|1|0|25|1|0|25|1|0|25|1|0|25|1|0|25|1|0|25|1|0|25|1|0|25|1|0|25|1|0|25|1|0|25|1|0|25|1|0|25|1|0|25|1|0|25|1|0|25|1|0|
35|36|44|45|47|52|53|0|25|1|0|25|1|0|25|1|0|25|1|0|25|1|0|25|1|0|25|1|0|25|1|0|25|1|0|25|1|0|25|1|0|25|1|0|25|1|0|25|1|0|25|1|0|25|1|0|25|1|0|25|1|0|25|1|0|25|1|0|25|1|0|25|1|0|25|1|0|25|1|0|25|1|0|25|1|0|25|1|0|25|1|0|25|1|0|25|1|0|25|1|
17|30|29|40|41|42|45|47|52|53|0|25|1|0|25|1|0|25|1|0|25|1|0|25|1|0|25|1|0|25|1|0|25|1|0|25|1|0|25|1|0|25|1|0|25|1|0|25|1|0|25|1|0|25|1|0|25|1|0|25|1|0|25|1|0|25|1|0|25|1|0|25|1|0|25|1|0|25|1|0|25|1|0|25|1|0|25|1|0|25|1|0|25|1|0|25|1|0|25|1|
30|29|40|41|42|45|47|52|53|0|25|1|0|25|1|0|25|1|0|25|1|0|25|1|0|25|1|0|25|1|0|25|1|0|25|1|0|25|1|0|25|1|0|25|1|0|25|1|0|25|1|0|25|1|0|25|1|0|25|1|0|25|1|0|25|1|0|25|1|0|25|1|0|25|1|0|25|1|0|25|1|0|25|1|0|25|1|0|25|1|0|25|1|0|25|1|0|25|1|0|
10|17|30|29|40|41|42|45|47|52|53|0|25|1|0|25|1|0|25|1|0|25|1|0|25|1|0|25|1|0|25|1|0|25|1|0|25|1|0|25|1|0|25|1|0|25|1|0|25|1|0|25|1|0|25|1|0|25|1|0|25|1|0|25|1|0|25|1|0|25|1|0|25|1|0|25|1|0|25|1|0|25|1|0|25|1|0|25|1|0|25|1|0|25|1|0|25|1|0|25|
25|1|25|1|0|25|1|0|25|1|0|25|1|0|25|1|0|25|1|0|25|1|0|25|1|0|25|1|0|25|1|0|25|1|0|25|1|0|25|1|0|25|1|0|25|1|0|25|1|0|25|1|0|25|1|0|25|1|0|25|1|0|25|1|0|25|1|0|25|1|0|25|1|0|25|1|0|25|1|0|25|1|0|25|1|0|25|1|0|25|1|0|25|1|0|25|1|0|25|1|
28|29|40|41|42|45|47|52|53|0|25|1|0|25|1|0|25|1|0|25|1|0|25|1|0|25|1|0|25|1|0|25|1|0|25|1|0|25|1|0|25|1|0|25|1|0|25|1|0|25|1|0|25|1|0|25|1|0|25|1|0|25|1|0|25|1|0|25|1|0|25|1|0|25|1|0|25|1|0|25|1|0|25|1|0|25|1|0|25|1|0|25|1|0|25|1|0|25|1|0|
29|40|41|42|45|47|52|53|0|25|1|0|25|1|0|25|1|0|25|1|0|25|1|0|25|1|0|25|1|0|25|1|0|25|1|0|25|1|0|25|1|0|25|1|0|25|1|0|25|1|0|25|1|0|25|1|0|25|1|0|25|1|0|25|1|0|25|1|0|25|1|0|25|1|0|25|1|0|25|1|0|25|1|0|25|1|0|25|1|0|25|1|0|25|1|0|25|1|0|25|
9|10|17|30|29|40|41|42|45|47|52|53|0|25|1|0|25|1|0|25|1|0|25|1|0|25|1|0|25|1|0|25|1|0|25|1|0|25|1|0|25|1|0|25|1|0|25|1|0|25|1|0|25|1|0|25|1|0|25|1|0|25|1|0|25|1|0|25|1|0|25|1|0|25|1|0|25|1|0|25|1|0|25|1|0|25|1|0|25|1|0|25|1|0|25|1|0|25|1|0|
21|41|42|45|47|52|53|0|25|1|0|25|1|0|25|1|0|25|1|0|25|1|0|25|1|0|25|1|0|25|1|0|25|1|0|25|1|0|25|1|0|25|1|0|25|1|0|25|1|0|25|1|0|25|1|0|25|1|0|25|1|0|25|1|0|25|1|0|25|1|0|25|1|0|25|1|0|25|1|0|25|1|0|25|1|0|25|1|0|25|1|0|25|1|0|25|1|0|25|1|
6|21|41|42|45|47|52|53|0|25|1|0|25|1|0|25|1|0|25|1|0|25|1|0|25|1|0|25|1|0|25|1|0|25|1|0|25|1|0|25|1|0|25|1|0|25|1|0|25|1|0|25|1|0|25|1|0|25|1|0|25|1|0|25|1|0|25|1|0|25|1|0|25|1|0|25|1|0|25|1|0|25|1|0|25|1|0|25|1|0|25|1|0|25|1|0|25|1|0|25|
15|17|30|29|40|41|42|45|47|52|53|0|25|1|0|25|1|0|25|1|0|25|1|0|25|1|0|25|1|0|25|1|0|25|1|0|25|1|0|25|1|0|25|1|0|25|1|0|25|1|0|25|1|0|25|1|0|25|1|0|25|1|0|25|1|0|25|1|0|25|1|0|25|1|0|25|1|0|25|1|0|25|1|0|25|1|0|25|1|0|25|1|0|25|1|0|25|1|0|25|
5|23|21|41|42|45|47|52|53|0|25|1|0|25|1|0|25|1|0|25|1|0|25|1|0|25|1|0|25|1|0|25|1|0|25|1|0|25|1|0|25|1|0|25|1|0|25|1|0|25|1|0|25|1|0|25|1|0|25|1|0|25|1|0|25|1|0|25|1|0|25|1|0|25|1|0|25|1|0|25|1|0|25|1|0|25|1|0|25|1|0|25|1|0|25|1|0|25|1|0|
12|13|14|26|27|32|34|37|50|56|57|58|59|0|25|1|0|25|1|0|25|1|0|25|1|0|25|1|0|25|1|0|25|1|0|25|1|0|25|1|0|25|1|0|25|1|0|25|1|0|25|1|0|25|1|0|25|1|0|25|1|0|25|1|0|25|1|0|25|1|0|25|1|0|25|1|0|25|1|0|25|1|0|25|1|0|25|1|0|25|1|0|25|1|0|25|1|0|25|1|
39|49|54|59|58|0|25|1|0|25|1|0|25|1|0|25|1|0|25|1|0|25|1|0|25|1|0|25|1|0|25|1|0|25|1|0|25|1|0|25|1|0|25|1|0|25|1|0|25|1|0|25|1|0|25|1|0|25|1|0|25|1|0|25|1|0|25|1|0|25|1|0|25|1|0|25|1|0|25|1|0|25|1|0|25|1|0|25|1|0|25|1|0|25|1|0|25|1|0|25|
28|29|40|41|42|45|47|52|53|0|25|1|0|25|1|0|25|1|0|25|1|0|25|1|0|25|1|0|25|1|0|25|1|0|25|1|0|25|1|0|25|1|0|25|1|0|25|1|0|25|1|0|25|1|0|25|1|0|25|1|0|25|1|0|25|1|0|25|1|0|25|1|0|25|1|0|25|1|0|25|1|0|25|1|0|25|1|0|25|1|0|25|1|0|25|1|0|25|1|0|
43|42|45|47|52|53|0|25|1|0|25|1|0|25|1|0|25|1|0|25|1|0|25|1|0|25|1|0|25|1|0|25|1|0|25|1|0|25|1|0|25|1|0|25|1|0|25|1|0|25|1|0|25|1|0|25|1|0|25|1|0|25|1|0|25|1|0|25|1|0|25|1|0|25|1|0|25|1|0|25|1|0|25|1|0|25|1|0|25|1|0|25|1|0|25|1|0|25|1|0|
45|47|52|53|0|25|1|0|25|1|0|25|1|0|25|1|0|25|1|0|25|1|0|25|1|0|25|1|0|25|1|0|25|1|0|25|1|0|25|1|0|25|1|0|25|1|0|25|1|0|25|1|0|25|1|0|25|1|0|25|1|0|25|1|0|25|1|0|25|1|0|25|1|0|25|1|0|25|1|0|25|1|0|25|1|0|25|1|0|25|1|0|25|1|0|25|1|0|25|1|
6|21|41|42|45|47|52|53|0|25|1|0|25|1|0|25|1|0|25|1|0|25|1|0|25|1|0|25|1|0|25|1|0|25|1|0|25|1|0|25|1|0|25|1|0|25|1|0|25|1|0|25|1|0|25|1|0|25|1|0|25|1|0|25|1|0|25|1|0|25|1|0|25|1|0|25|1|0|25|1|0|25|1|0|25|1|0|25|1|0|25|1|0|25|1|0|25|1|0|25|
58|59|58|59|0|25|1|0|25|1|0|25|1|0|25|1|0|25|1|0|25|1|0|25|1|0|25|1|0|25|1|0|25|1|0|25|1|0|25|1|0|25|1|0|25|1|0|25|1|0|25|1|0|25|1|0|25|1|0|25|1|0|25|1|0|25|1|0|25|1|0|25|1|0|25|1|0|25|1|0|25|1|0|25|1|0|25|1|0|25|1|0|25|1|0|25|1|0|25|1|
55|56|57|58|59|0|25|1|0|25|1|0|25|1|0|25|1|0|25|1|0|25|1|0|25|1|0|25|1|0|25|1|0|25|1|0|25|1|0|25|1|0|25|1|0|25|1|0|25|1|0|25|1|0|25|1|0|25|1|0|25|1|0|25|1|0|25|1|0|25|1|0|25|1|0|25|1|0|25|1|0|25|1|0|25|1|0|25|1|0|25|1|0|25|1|0|25|1|0|25|
54|59|58|59|0|25|1|0|25|1|0|25|1|0|25|1|0|25|1|0|25|1|0|25|1|0|25|1|0|25|1|0|25|1|0|25|1|0|25|1|0|25|1|0|25|1|0|25|1|0|25|1|0|25|1|0|25|1|0|25|1|0|25|1|0|25|1|0|25|1|0|25|1|0|25|1|0|25|1|0|25|1|0|25|1|0|25|1|0|25|1|0|25|1|0|25|1|0|25|1|
43|42|45|47|52|53|0|25|1|0|25|1|0|25|1|0|25|1|0|25|1|0|25|1|0|25|1|0|25|1|0|25|1|0|25|1|0|25|1|0|25|1|0|25|1|0|25|1|0|25|1|0|25|1|0|25|1|0|25|1|0|25|1|0|25|1|0|25|1|0|25|1|0|25|1|0|25|1|0|25|1|0|25|1|0|25|1|0|25|1|0|25|1|0|25|1|0|25|1|0|
7|19|20|21|41|42|45|47|52|53|0|25|1|0|25|1|0|25|1|0|25|1|0|25|1|0|25|1|0|25|1|0|25|1|0|25|1|0|25|1|0|25|1|0|25|1|0|25|1|0|25|1|0|25|1|0|25|1|0|25|1|0|25|1|0|25|1|0|25|1|0|25|1|0|25|1|0|25|1|0|25|1|0|25|1|0|25|1|0|25|1|0|25|1|0|25|1|0|25|1|
47|52|53|52|0|25|1|0|25|1|0|25|1|0|25|1|0|25|1|0|25|1|0|25|1|0|25|1|0|25|1|0|25|1|0|25|1|0|25|1|0|25|1|0|25|1|0|25|1|0|25|1|0|25|1|0|25|1|0|25|1|0|25|1|0|25|1|0|25|1|0|25|1|0|25|1|0|25|1|0|25|1|0|25|1|0|25|1|0|25|1|0|25|1|0|25|1|0|25|1|
35|36|44|45|47|52|53|0|25|1|0|25|1|0|25|1|0|25|1|0|25|1|0|25|1|0|25|1|0|25|1|0|25|1|0|25|1|0|25|1|0|25|1|0|25|1|0|25|1|0|25|1|0|25|1|0|25|1|0|25|1|0|25|1|0|25|1|0|25|1|0|25|1|0|25|1|0|25|1|0|25|1|0|25|1|0|25|1|0|25|1|0|25|1|0|25|1|0|25|1|
10|17|30|29|40|41|42|45|47|52|53|0|25|1|0|25|1|0|25|1|0|25|1|0|25|1|0|25|1|0|25|1|0|25|1|0|25|1|0|25|1|0|25|1|0|25|1|0|25|1|0|25|1|0|25|1|0|25|1|0|25|1|0|25|1|0|25|1|0|25|1|0|25|1|0|25|1|0|25|1|0|25|1|0|25|1|0|25|1|0|25|1|0|25|1|0|25|1|0|25|
33|32|34|37|50|56|57|58|59|0|25|1|0|25|1|0|25|1|0|25|1|0|25|1|0|25|1|0|25|1|0|25|1|0|25|1|0|25|1|0|25|1|0|25|1|0|25|1|0|25|1|0|25|1|0|25|1|0|25|1|0|25|1|0|25|1|0|25|1|0|25|1|0|25|1|0|25|1|0|25|1|0|25|1|0|25|1|0|25|1|0|25|1|0|25|1|0|25|1|0|
53|52|53|52|0|25|1|0|25|1|0|25|1|0|25|1|0|25|1|0|25|1|0|25|1|0|25|1|0|25|1|0|25|1|0|25|1|0|25|1|0|25|1|0|25|1|0|25|1|0|25|1|0|25|1|0|25|1|0|25|1|0|25|1|0|25|1|0|25|1|0|25|1|0|25|1|0|25|1|0|25|1|0|25|1|0|25|1|0|25|1|0|25|1|0|25|1|0|25|1|
36|44|45|47|52|53|0|25|1|0|25|1|0|25|1|0|25|1|0|25|1|0|25|1|0|25|1|0|25|1|0|25|1|0|25|1|0|25|1|0|25|1|0|25|1|0|25|1|0|25|1|0|25|1|0|25|1|0|25|1|0|25|1|0|25|1|0|25|1|0|25|1|0|25|1|0|25|1|0|25|1|0|25|1|0|25|1|0|25|1|0|25|1|0|25|1|0|25|1|0|
9|10|17|30|29|40|41|42|45|47|52|53|0|25|1|0|25|1|0|25|1|0|25|1|0|25|1|0|25|1|0|25|1|0|25|1|0|25|1|0|25|1|0|25|1|0|25|1|0|25|1|0|25|1|0|25|1|0|25|1|0|25|1|0|25|1|0|25|1|0|25|1|0|25|1|0|25|1|0|25|1|0|25|1|0|25|1|0|25|1|0|25|1|0|25|1|0|25|1|0|
12|13|14|26|27|32|34|37|50|56|57|58|59|0|25|1|0|25|1|0|25|1|0|25|1|0|25|1|0|25|1|0|25|1|0|25|1|0|25|1|0|25|1|0|25|1|0|25|1|0|25|1|0|25|1|0|25|1|0|25|1|0|25|1|0|25|1|0|25|1|0|25|1|0|25|1|0|25|1|0|25|1|0|25|1|0|25|1|0|25|1|0|25|1|0|25|1|0|25|1|
42|45|47|52|53|0|25|1|0|25|1|0|25|1|0|25|1|0|25|1|0|25|1|0|25|1|0|25|1|0|25|1|0|25|1|0|25|1|0|25|1|0|25|1|0|25|1|0|25|1|0|25|1|0|25|1|0|25|1|0|25|1|0|25|1|0|25|1|0|25|1|0|25|1|0|25|1|0|25|1|0|25|1|0|25|1|0|25|1|0|25|1|0|25|1|0|25|1|0|25|
19|20|21|41|42|45|47|52|53|0|25|1|0|25|1|0|25|1|0|25|1|0|25|1|0|25|1|0|25|1|0|25|1|0|25|1|0|25|1|0|25|1|0|25|1|0|25|1|0|25|1|0|25|1|0|25|1|0|25|1|0|25|1|0|25|1|0|25|1|0|25|1|0|25|1|0|25|1|0|25|1|0|25|1|0|25|1|0|25|1|0|25|1|0|25|1|0|25|1|0|
13|14|26|27|32|34|37|50|56|57|58|59|0|25|1|0|25|1|0|25|1|0|25|1|0|25|1|0|25|1|0|25|1|0|25|1|0|25|1|0|25|1|0|25|1|0|25|1|0|25|1|0|25|1|0|25|1|0|25|1|0|25|1|0|25|1|0|25|1|0|25|1|0|25|1|0|25|1|0|25|1|0|25|1|0|25|1|0|25|1|0|25|1|0|25|1|0|25|1|0|
16|15|17|30|29|40|41|42|45|47|52|53|0|25|1|0|25|1|0|25|1|0|25|1|0|25|1|0|25|1|0|25|1|0|25|1|0|25|1|0|25|1|0|25|1|0|25|1|0|25|1|0|25|1|0|25|1|0|25|1|0|25|1|0|25|1|0|25|1|0|25|1|0|25|1|0|25|1|0|25|1|0|25|1|0|25|1|0|25|1|0|25|1|0|25|1|0|25|1|0|
36|44|45|47|52|53|0|25|1|0|25|1|0|25|1|0|25|1|0|25|1|0|25|1|0|25|1|0|25|1|0|25|1|0|25|1|0|25|1|0|25|1|0|25|1|0|25|1|0|25|1|0|25|1|0|25|1|0|25|1|0|25|1|0|25|1|0|25|1|0|25|1|0|25|1|0|25|1|0|25|1|0|25|1|0|25|1|0|25|1|0|25|1|0|25|1|0|25|1|0|
3|4|5|23|21|41|42|45|47|52|53|0|25|1|0|25|1|0|25|1|0|25|1|0|25|1|0|25|1|0|25|1|0|25|1|0|25|1|0|25|1|0|25|1|0|25|1|0|25|1|0|25|1|0|25|1|0|25|1|0|25|1|0|25|1|0|25|1|0|25|1|0|25|1|0|25|1|0|25|1|0|25|1|0|25|1|0|25|1|0|25|1|0|25|1|0|25|1|0|25|
28|29|40|41|42|45|47|52|53|0|25|1|0|25|1|0|25|1|0|25|1|0|25|1|0|25|1|0|25|1|0|25|1|0|25|1|0|25|1|0|25|1|0|25|1|0|25|1|0|25|1|0|25|1|0|25|1|0|25|1|0|25|1|0|25|1|0|25|1|0|25|1|0|25|1|0|25|1|0|25|1|0|25|1|0|25|1|0|25|1|0|25|1|0|25|1|0|25|1|0|
58|59|58|59|0|25|1|0|25|1|0|25|1|0|25|1|0|25|1|0|25|1|0|25|1|0|25|1|0|25|1|0|25|1|0|25|1|0|25|1|0|25|1|0|25|1|0|25|1|0|25|1|0|25|1|0|25|1|0|25|1|0|25|1|0|25|1|0|25|1|0|25|1|0|25|1|0|25|1|0|25|1|0|25|1|0|25|1|0|25|1|0|25|1|0|25|1|0|25|1|
32|34|37|50|56|57|58|59|0|25|1|0|25|1|0|25|1|0|25|1|0|25|1|0|25|1|0|25|1|0|25|1|0|25|1|0|25|1|0|25|1|0|25|1|0|25|1|0|25|1|0|25|1|0|25|1|0|25|1|0|25|1|0|25|1|0|25|1|0|25|1|0|25|1|0|25|1|0|25|1|0|25|1|0|25|1|0|25|1|0|25|1|0|25|1|0|25|1|0|25|
16|15|17|30|29|40|41|42|45|47|52|53|0|25|1|0|25|1|0|25|1|0|25|1|0|25|1|0|25|1|0|25|1|0|25|1|0|25|1|0|25|1|0|25|1|0|25|1|0|25|1|0|25|1|0|25|1|0|25|1|0|25|1|0|25|1|0|25|1|0|25|1|0|25|1|0|25|1|0|25|1|0|25|1|0|25|1|0|25|1|0|25|1|0|25|1|0|25|1|0|
43|42|45|47|52|53|0|25|1|0|25|1|0|25|1|0|25|1|0|25|1|0|25|1|0|25|1|0|25|1|0|25|1|0|25|1|0|25|1|0|25|1|0|25|1|0|25|1|0|25|1|0|25|1|0|25|1|0|25|1|0|25|1|0|25|1|0|25|1|0|25|1|0|25|1|0|25|1|0|25|1|0|25|1|0|25|1|0|25|1|0|25|1|0|25|1|0|25|1|0|
14|26|27|32|34|37|50|56|57|58|59|0|25|1|0|25|1|0|25|1|0|25|1|0|25|1|0|25|1|0|25|1|0|25|1|0|25|1|0|25|1|0|25|1|0|25|1|0|25|1|0|25|1|0|25|1|0|25|1|0|25|1|0|25|1|0|25|1|0|25|1|0|25|1|0|25|1|0|25|1|0|25|1|0|25|1|0|25|1|0|25|1|0|25|1|0|25|1|0|25|